0,0,0,0,0,0,255,83,0,255,83,0,255,83,0,122,40,0,0,0,0,0,0,0,0,0,0,0,0,0,0,0,0,255,83,0,255,83,0,255,83,0,255,83,0,255,83,0,255,83,0,255,83,0,255,83,0,0,0,0,0,0,0,0,0,0,0,0,0,0,0,0,0,0,0,255,83,0,255,83,0,255,83,0,0,0,0,0,0,0,0,0,0,0
0,0,0,0,0,0,255,194,0,255,194,0,255,194,0,255,194,0,0,0,0,0,0,0,0,0,0,0,0,0,0,0,0,0,0,0,255,194,0,255,194,0,255,194,0,255,194,0,255,194,0,255,194,0,0,0,0,0,0,0,0,0,0,0,0,0,0,0,0,0,0,0,255,194,0,255,194,0,255,194,0,255,194,0,0,0,0,0,0,0,0,0,0,0
0,0,0,0,0,0,0,0,0,255,230,0,255,230,0,255,230,0,0,0,0,0,0,0,0,0,0,0,0,0,0,0,0,0,0,0,255,230,0,255,230,0,255,230,0,255,230,0,255,230,0,255,230,0,0,0,0,0,0,0,0,0,0,0,0,0,0,0,0,0,0,0,255,230,0,255,230,0,255,230,0,255,230,0,0,0,0,0,0,0,0,0,0,0
0,0,0,0,0,0,0,0,0,174,255,0,174,255,0,174,255,0,0,0,0,0,0,0,0,0,0,0,0,0,0,0,0,0,0,0,174,255,0,174,255,0,174,255,0,174,255,0,174,255,0,174,255,0,0,0,0,0,0,0,0,0,0,0,0,0,0,0,0,0,0,0,174,255,0,174,255,0,174,255,0,0,0,0,0,0,0,0,0,0,0,0,0,0
0,0,0,0,0,0,0,0,0,99,255,0,99,255,0,99,255,0,99,255,0,0,0,0,0,0,0,0,0,0,0,0,0,0,0,0,99,255,0,99,255,0,99,255,0,99,255,0,99,255,0,99,255,0,0,0,0,0,0,0,0,0,0,0,0,0,0,0,0,0,0,0,99,255,0,99,255,0,99,255,0,0,0,0,0,0,0,0,0,0,0,0,0,0
0,0,0,0,0,0,0,0,0,48,255,0,48,255,0,48,255,0,48,255,0,0,0,0,0,0,0,0,0,0,0,0,0,0,0,0,0,0,0,48,255,0,48,255,0,48,255,0,48,255,0,48,255,0,0,0,0,0,0,0,0,0,0,0,0,0,0,0,0,48,255,0,48,255,0,48,255,0,48,255,0,0,0,0,0,0,0,0,0,0,0,0,0,0
0,0,0,0,0,0,0,0,0,8,128,0,16,255,0,16,255,0,16,255,0,0,0,0,0,0,0,0,0,0,0,0,0,0,0,0,0,0,0,16,255,0,16,255,0,16,255,0,16,255,0,0,0,0,0,0,0,0,0,0,0,0,0,0,0,0,0,0,0,16,255,0,16,255,0,16,255,0,16,255,0,0,0,0,0,0,0,0,0,0,0,0,0,0
0,0,0,0,0,0,0,0,0,0,0,0,2,255,0,2,255,0,2,255,0,0,0,0,0,0,0,0,0,0,0,0,0,0,0,0,0,0,0,2,255,0,2,255,0,2,255,0,3,255,0,0,0,0,0,0,0,0,0,0,0,0,0,0,0,0,0,0,0,2,255,0,2,255,0,2,255,0,1,133,0,0,0,0,0,0,0,0,0,0,0,0,0,0
0,0,0,0,0,0,0,0,0,0,0,0,0,255,4,0,255,3,0,255,3,0,0,0,0,0,0,0,0,0,0,0,0,0,0,0,0,0,0,0,255,3,0,255,3,0,255,3,0,255,3,0,0,0,0,0,0,0,0,0,0,0,0,0,0,0,0,0,0,0,255,3,0,255,3,0,255,3,0,0,0,0,0,0,0,0,0,0,0,0,0,0,0,0
0,0,0,0,0,0,0,0,0,0,0,0,0,255,19,0,255,19,0,255,19,0,255,19,0,0,0,0,0,0,0,0,0,0,0,0,0,0,0,0,255,31,0,255,19,0,255,19,0,255,19,0,0,0,0,0,0,0,0,0,0,0,0,0,0,0,0,0,0,0,255,19,0,255,19,0,255,29,0,0,0,0,0,0,0,0,0,0,0,0,0,0,0,0
0,0,0,0,0,0,0,0,0,0,0,0,0,255,52,0,255,52,0,255,52,0,255,52,0,0,0,0,0,0,0,0,0,0,0,0,0,0,0,0,0,0,0,255,52,0,255,52,0,255,52,0,0,0,0,0,0,0,0,0,0,0,0,0,0,0,0,255,52,0,255,52,0,255,52,0,255,52,0,0,0,0,0,0,0,0,0,0,0,0,0,0,0,0
0,0,0,0,0,0,0,0,0,0,0,0,0,0,0,0,255,106,0,255,106,0,255,106,0,0,0,0,0,0,0,0,0,0,0,0,0,0,0,0,0,0,0,255,109,0,255,106,0,0,0,0,0,0,0,0,0,0,0,0,0,0,0,0,0,0,0,255,106,0,255,106,0,255,106,0,255,106,0,0,0,0,0,0,0,0,0,0,0,0,0,0,0,0
0,0,0,0,0,0,0,0,0,0,0,0,0,0,0,0,255,186,0,255,186,0,255,186,0,0,0,0,0,0,0,0,0,0,0,0,0,0,0,0,0,0,0,255,186,0,255,188,0,0,0,0,0,0,0,0,0,0,0,0,0,0,0,0,0,0,0,255,186,0,255,186,0,255,186,0,4,3,0,0,0,0,0,0,0,0,0,0,0,0,0,0,0,0
0,0,0,0,0,0,0,0,0,0,0,0,0,0,0,0,223,255,0,219,255,0,219,255,0,0,0,0,0,0,0,0,0,0,0,0,0,0,0,0,0,0,0,219,255,0,219,255,0,0,0,0,0,0,0,0,0,0,0,0,0,0,0,0,0,0,0,219,255,0,219,255,0,219,255,0,0,0,0,0,0,0,0,0,0,0,0,0,0,0,0,0,0,0
0,0,0,0,0,0,0,0,0,0,0,0,0,0,0,0,132,255,0,132,255,0,132,255,0,132,255,0,0,0,0,0,0,0,0,0,0,0,0,0,0,0,0,0,0,0,132,255,0,0,0,0,0,0,0,0,0,0,0,0,0,0,0,0,0,0,0,132,255,0,132,255,0,132,255,0,0,0,0,0,0,0,0,0,0,0,0,0,0,0,0,0,0,0
0,0,0,0,0,0,0,0,0,0,0,0,0,0,0,0,69,255,0,69,255,0,69,255,0,69,255,0,0,0,0,0,0,0,0,0,0,0,0,0,0,0,0,0,0,0,14,54,0,0,0,0,0,0,0,0,0,0,0,0,0,0,0,0,69,255,0,69,255,0,69,255,0,69,255,0,0,0,0,0,0,0,0,0,0,0,0,0,0,0,0,0,0,0
0,0,0,0,0,0,0,0,0,0,0,0,0,0,0,0,0,0,0,28,255,0,28,255,0,28,255,0,0,0,0,0,0,0,0,0,0,0,0,0,0,0,0,0,0,0,0,0,0,0,0,0,0,0,0,0,0,0,0,0,0,0,0,0,28,255,0,28,255,0,28,255,0,28,255,0,0,0,0,0,0,0,0,0,0,0,0,0,0,0,0,0,0,0
0,0,0,0,0,0,0,0,0,0,0,0,0,0,0,0,0,0,0,7,255,0,7,255,0,7,255,0,0,0,0,0,0,0,0,0,0,0,0,0,0,0,0,0,0,0,0,0,0,0,0,0,0,0,0,0,0,0,0,0,0,0,0,0,7,255,0,7,255,0,7,255,0,0,0,0,0,0,0,0,0,0,0,0,0,0,0,0,0,0,0,0,0,0
0,0,0,0,0,0,0,0,0,0,0,0,0,0,0,0,0,0,0,0,255,0,0,255,0,0,255,0,0,10,0,0,0,0,0,0,0,0,0,0,0,0,0,0,0,0,0,0,0,0,0,0,0,0,0,0,0,0,0,0,0,0,0,0,0,255,0,0,255,0,0,255,0,0,0,0,0,0,0,0,0,0,0,0,0,0,0,0,0,0,0,0,0,0
0,0,0,0,0,0,0,0,0,0,0,0,0,0,0,0,0,0,8,0,255,8,0,255,8,0,255,8,0,255,0,0,0,0,0,0,0,0,0,0,0,0,0,0,0,0,0,0,0,0,0,0,0,0,0,0,0,0,0,0,0,0,1,8,0,255,8,0,255,8,0,255,0,0,0,0,0,0,0,0,0,0,0,0,0,0,0,0,0,0,0,0,0,0
0,0,0,0,0,0,0,0,0,0,0,0,0,0,0,0,0,0,0,0,255,0,0,255,0,0,255,0,0,255,0,0,0,0,0,0,0,0,0,0,0,0,0,0,0,0,0,0,0,0,0,0,0,0,0,0,0,0,0,0,0,0,255,0,0,255,0,0,255,0,0,255,0,0,0,0,0,0,0,0,0,0,0,0,0,0,0,0,0,0,0,0,0,0
0,0,0,0,0,0,0,0,0,0,0,0,0,0,0,0,0,0,0,0,0,0,7,255,0,7,255,0,7,255,0,0,0,0,0,0,0,0,0,0,0,0,0,0,0,0,0,0,0,0,0,0,0,0,0,0,0,0,0,0,0,7,255,0,7,255,0,7,255,0,7,255,0,0,0,0,0,0,0,0,0,0,0,0,0,0,0,0,0,0,0,0,0,0
0,0,0,0,0,0,0,0,0,0,0,0,0,0,0,0,0,0,0,0,0,0,29,255,0,29,255,0,29,255,0,0,0,0,0,0,0,0,0,0,0,0,0,0,0,0,0,0,0,0,0,0,0,0,0,0,0,0,0,0,0,29,255,0,29,255,0,29,255,0,0,0,0,0,0,0,0,0,0,0,0,0,0,0,0,0,0,0,0,0,0,0,0,0
0,0,0,0,0,0,0,0,0,0,0,0,0,0,0,0,0,0,0,0,0,0,67,255,0,67,255,0,67,255,0,67,255,0,0,0,0,0,0,0,0,0,0,0,0,0,0,0,0,0,0,0,0,0,0,0,0,0,0,0,0,67,255,0,67,255,0,67,255,0,0,0,0,0,0,0,0,0,0,0,0,0,0,0,0,0,0,0,0,0,0,0,0,0
0,0,0,0,0,0,0,0,0,0,0,0,0,0,0,0,0,0,0,0,0,0,128,255,0,128,255,0,128,255,0,128,255,0,0,0,0,0,0,0,0,0,0,0,0,0,0,0,0,0,0,0,0,0,0,0,0,0,128,255,0,128,255,0,128,255,0,128,255,0,0,0,0,0,0,0,0,0,0,0,0,0,0,0,0,0,0,0,0,0,0,0,0,0
0,216,255,0,0,0,0,0,0,0,0,0,0,0,0,0,0,0,0,0,0,0,210,247,0,216,255,0,216,255,0,216,255,0,0,0,0,0,0,0,0,0,0,0,0,0,0,0,0,0,0,0,0,0,0,0,0,0,216,255,0,216,255,0,216,255,0,216,255,0,0,0,0,0,0,0,0,0,0,0,0,0,0,0,0,0,0,0,0,0,0,0,0,0
0,255,188,0,0,0,0,0,0,0,0,0,0,0,0,0,0,0,0,0,0,0,0,0,0,255,188,0,255,188,0,255,188,0,0,0,0,0,0,0,0,0,0,0,0,0,0,0,0,0,0,0,0,0,0,0,0,0,255,188,0,255,188,0,255,188,0,255,188,0,0,0,0,0,0,0,0,0,0,0,0,0,0,0,0,0,0,0,255,188,0,0,0,0
0,255,111,0,0,0,0,0,0,0,0,0,0,0,0,0,0,0,0,0,0,0,0,0,0,255,119,0,255,111,0,255,111,0,0,0,0,0,0,0,0,0,0,0,0,0,0,0,0,0,0,0,0,0,0,0,0,0,255,111,0,255,111,0,255,111,0,0,0,0,0,0,0,0,0,0,0,0,0,0,0,0,0,0,0,0,0,0,255,111,0,0,0,0
0,255,53,0,0,0,0,0,0,0,0,0,0,0,0,0,0,0,0,0,0,0,0,0,0,255,53,0,255,53,0,255,53,0,255,53,0,0,0,0,0,0,0,0,0,0,0,0,0,0,0,0,0,0,0,0,0,0,255,53,0,255,53,0,255,61,0,0,0,0,0,0,0,0,0,0,0,0,0,0,0,0,0,0,0,0,0,0,255,53,0,0,0,0
0,255,19,0,0,0,0,0,0,0,0,0,0,0,0,0,0,0,0,0,0,0,0,0,0,255,19,0,255,19,0,255,19,0,255,19,0,0,0,0,0,0,0,0,0,0,0,0,0,0,0,0,0,0,0,255,19,0,255,19,0,255,19,0,255,19,0,0,0,0,0,0,0,0,0,0,0,0,0,0,0,0,0,0,0,0,0,0,255,19,0,0,0,0
0,255,3,0,255,3,0,0,0,0,0,0,0,0,0,0,0,0,0,0,0,0,0,0,0,0,0,0,255,3,0,255,3,0,255,3,0,0,0,0,0,0,0,0,0,0,0,0,0,0,0,0,0,0,0,255,3,0,255,3,0,255,3,0,255,3,0,0,0,0,0,0,0,0,0,0,0,0,0,0,0,0,0,0,0,0,0,0,255,3,0,0,0,0
2,255,0,2,255,0,0,0,0,0,0,0,0,0,0,0,0,0,0,0,0,0,0,0,0,0,0,2,255,0,2,255,0,2,255,0,0,0,0,0,0,0,0,0,0,0,0,0,0,0,0,0,0,0,2,255,0,2,255,0,2,255,0,0,32,0,0,0,0,0,0,0,0,0,0,0,0,0,0,0,0,0,0,0,2,255,0,2,255,0,0,0,0,0
17,255,0,17,255,0,0,0,0,0,0,0,0,0,0,0,0,0,0,0,0,0,0,0,0,0,0,34,255,0,17,255,0,17,255,0,0,0,0,0,0,0,0,0,0,0,0,0,0,0,0,0,0,0,17,255,0,17,255,0,17,255,0,0,0,0,0,0,0,0,0,0,0,0,0,0,0,0,0,0,0,0,0,0,17,255,0,17,255,0,0,0,0,0
50,255,0,50,255,0,0,0,0,0,0,0,0,0,0,0,0,0,0,0,0,0,0,0,0,0,0,50,255,0,50,255,0,50,255,0,50,255,0,0,0,0,0,0,0,0,0,0,0,0,0,0,0,0,50,255,0,50,255,0,50,255,0,0,0,0,0,0,0,0,0,0,0,0,0,0,0,0,0,0,0,0,0,0,50,255,0,50,255,0,0,0,0,0
102,255,0,102,255,0,37,95,0,0,0,0,0,0,0,0,0,0,0,0,0,0,0,0,0,0,0,102,255,0,102,255,0,102,255,0,102,255,0,0,0,0,0,0,0,0,0,0,0,0,0,102,255,0,102,255,0,102,255,0,102,255,0,0,0,0,0,0,0,0,0,0,0,0,0,0,0,0,0,0,0,0,0,0,102,255,0,102,255,0,0,0,0,0
180,255,0,180,255,0,180,255,0,0,0,0,0,0,0,0,0,0,0,0,0,0,0,0,0,0,0,0,0,0,180,255,0,180,255,0,180,255,0,0,0,0,0,0,0,0,0,0,0,0,0,180,255,0,180,255,0,180,255,0,180,255,0,0,0,0,0,0,0,0,0,0,0,0,0,0,0,0,0,0,0,64,91,0,180,255,0,180,255,0,0,0,0,0
255,226,0,255,226,0,255,226,0,0,0,0,0,0,0,0,0,0,0,0,0,0,0,0,0,0,0,0,0,0,255,226,0,255,226,0,255,226,0,0,0,0,0,0,0,0,0,0,0,0,0,255,226,0,255,226,0,255,226,0,0,0,0,0,0,0,0,0,0,0,0,0,0,0,0,0,0,0,0,0,0,255,226,0,255,226,0,255,226,0,0,0,0,0
255,132,0,255,132,0,255,132,0,0,0,0,0,0,0,0,0,0,0,0,0,0,0,0,0,0,0,0,0,0,255,132,0,255,132,0,255,132,0,0,0,0,0,0,0,0,0,0,0,0,0,255,132,0,255,132,0,255,132,0,0,0,0,0,0,0,0,0,0,0,0,0,0,0,0,0,0,0,0,0,0,255,132,0,255,132,0,255,132,0,0,0,0,0
255,68,0,255,68,0,255,68,0,0,0,0,0,0,0,0,0,0,0,0,0,0,0,0,0,0,0,0,0,0,255,68,0,255,68,0,255,68,0,255,68,0,0,0,0,0,0,0,0,0,0,255,68,0,255,68,0,255,68,0,0,0,0,0,0,0,0,0,0,0,0,0,0,0,0,0,0,0,0,0,0,255,68,0,255,68,0,255,72,0,0,0,0,0
255,28,0,255,28,0,255,28,0,255,28,0,0,0,0,0,0,0,0,0,0,0,0,0,0,0,0,0,0,0,255,28,0,255,28,0,255,28,0,255,28,0,0,0,0,0,0,0,255,28,0,255,28,0,255,28,0,255,28,0,0,0,0,0,0,0,0,0,0,0,0,0,0,0,0,0,0,0,0,0,0,255,28,0,255,28,0,255,28,0,0,0,0,0
255,7,0,255,7,0,255,7,0,255,7,0,0,0,0,0,0,0,0,0,0,0,0,0,0,0,0,0,0,0,0,0,0,255,7,0,255,7,0,255,7,0,0,0,0,0,0,0,255,7,0,255,7,0,255,7,0,255,7,0,0,0,0,0,0,0,0,0,0,0,0,0,0,0,0,0,0,0,255,7,0,255,7,0,255,7,0,255,7,0,0,0,0,0
255,0,0,255,0,0,255,0,0,255,0,0,0,0,0,0,0,0,0,0,0,0,0,0,0,0,0,0,0,0,0,0,0,255,0,0,255,0,0,255,0,0,0,0,0,0,0,0,255,0,0,255,0,0,255,0,0,0,0,0,0,0,0,0,0,0,0,0,0,0,0,0,0,0,0,0,0,0,255,0,0,255,0,0,255,0,0,255,0,0,0,0,0,0
255,0,9,255,0,9,255,0,9,255,0,9,0,0,0,0,0,0,0,0,0,0,0,0,0,0,0,0,0,0,0,0,0,255,0,9,255,0,9,255,0,9,237,0,8,0,0,0,255,0,9,255,0,9,255,0,9,0,0,0,0,0,0,0,0,0,0,0,0,0,0,0,0,0,0,0,0,0,255,0,9,255,0,9,255,0,9,255,0,9,0,0,0,0
255,0,32,255,0,32,255,0,32,255,0,32,0,0,0,0,0,0,0,0,0,0,0,0,0,0,0,0,0,0,0,0,0,255,0,32,255,0,32,255,0,32,255,0,32,207,0,26,255,0,32,255,0,32,255,0,32,0,0,0,0,0,0,0,0,0,0,0,0,0,0,0,0,0,0,0,0,0,255,0,32,255,0,32,255,0,44,255,0,32,0,0,0,0
255,0,78,255,0,78,255,0,78,255,0,78,255,0,78,0,0,0,0,0,0,0,0,0,0,0,0,0,0,0,0,0,0,255,0,78,255,0,78,255,0,78,255,0,78,255,0,78,255,0,78,255,0,78,255,0,78,0,0,0,0,0,0,0,0,0,0,0,0,0,0,0,0,0,0,0,0,0,255,0,78,255,0,78,255,0,78,255,0,78,0,0,0,0
255,0,147,255,0,147,255,0,147,255,0,147,255,0,147,0,0,0,0,0,0,0,0,0,0,0,0,0,0,0,0,0,0,0,0,0,255,0,147,255,0,147,255,0,147,255,0,147,255,0,147,255,0,147,255,0,147,0,0,0,0,0,0,0,0,0,0,0,0,0,0,0,0,0,0,255,0,147,255,0,147,255,0,147,255,0,147,255,0,147,0,0,0,0
255,0,242,255,0,242,255,0,242,255,0,242,255,0,242,0,0,0,0,0,0,0,0,0,0,0,0,0,0,0,0,0,0,0,0,0,255,0,242,255,0,242,255,0,242,255,0,242,255,0,242,255,0,242,0,0,0,0,0,0,0,0,0,0,0,0,0,0,0,0,0,0,0,0,0,255,0,242,255,0,242,255,0,242,255,0,242,255,0,242,0,0,0,0
168,0,255,168,0,255,168,0,255,168,0,255,168,0,255,0,0,0,0,0,0,0,0,0,0,0,0,0,0,0,0,0,0,0,0,0,168,0,255,168,0,255,168,0,255,168,0,255,168,0,255,168,0,255,0,0,0,0,0,0,0,0,0,0,0,0,0,0,0,0,0,0,0,0,0,168,0,255,168,0,255,168,0,255,168,0,255,168,0,255,0,0,0,0
93,0,255,93,0,255,93,0,255,93,0,255,93,0,255,0,0,0,0,0,0,0,0,0,0,0,0,0,0,0,0,0,0,0,0,0,93,0,255,93,0,255,93,0,255,93,0,255,93,0,255,93,0,255,0,0,0,0,0,0,0,0,0,0,0,0,0,0,0,0,0,0,0,0,0,93,0,255,93,0,255,93,0,255,93,0,255,93,0,255,0,0,0,0
44,0,255,44,0,255,44,0,255,44,0,255,44,0,255,44,0,255,0,0,0,0,0,0,0,0,0,0,0,0,0,0,0,0,0,0,2,0,14,44,0,255,44,0,255,44,0,255,44,0,255,44,0,255,0,0,0,0,0,0,0,0,0,0,0,0,0,0,0,0,0,0,0,0,0,44,0,255,44,0,255,44,0,255,44,0,255,44,0,255,0,0,0,0
15,0,255,15,0,255,15,0,255,15,0,255,15,0,255,15,0,255,0,0,0,0,0,0,0,0,0,0,0,0,0,0,0,0,0,0,0,0,0,15,0,255,15,0,255,15,0,255,15,0,255,5,0,95,0,0,0,0,0,0,0,0,0,0,0,0,0,0,0,0,0,0,15,0,255,15,0,255,15,0,255,15,0,255,15,0,255,15,0,255,0,0,0,0
25,0,255,19,0,255,19,0,255,19,0,255,19,0,255,19,0,255,0,0,0,0,0,0,0,0,0,0,0,0,0,0,0,0,0,0,0,0,0,19,0,255,19,0,255,19,0,255,19,0,255,0,0,0,0,0,0,0,0,0,0,0,0,0,0,0,0,0,0,0,0,0,19,0,255,19,0,255,19,0,255,19,0,255,19,0,255,19,0,255,0,0,0,0
52,0,255,52,0,255,52,0,255,52,0,255,52,0,255,52,0,255,0,0,0,0,0,0,0,0,0,0,0,0,0,0,0,0,0,0,0,0,0,52,0,255,52,0,255,52,0,255,60,0,255,0,0,0,0,0,0,0,0,0,0,0,0,0,0,0,0,0,0,0,0,0,52,0,255,52,0,255,52,0,255,52,0,255,52,0,255,54,0,255,0,0,0,0
106,0,255,106,0,255,106,0,255,106,0,255,106,0,255,106,0,255,77,0,184,0,0,0,0,0,0,0,0,0,0,0,0,0,0,0,0,0,0,106,0,255,106,0,255,106,0,255,106,0,255,0,0,0,0,0,0,0,0,0,0,0,0,0,0,0,0,0,0,0,0,0,106,0,255,106,0,255,106,0,255,106,0,255,106,0,255,106,0,255,0,0,0,0
170,0,230,186,0,255,186,0,255,186,0,255,186,0,255,186,0,255,186,0,255,0,0,0,0,0,0,0,0,0,0,0,0,0,0,0,0,0,0,0,0,0,186,0,255,186,0,255,186,0,255,0,0,0,0,0,0,0,0,0,0,0,0,0,0,0,0,0,0,22,0,30,186,0,255,186,0,255,186,0,255,186,0,255,186,0,255,186,0,255,0,0,0,0
0,0,0,255,0,221,255,0,221,255,0,221,255,0,221,255,0,221,255,0,221,0,0,0,0,0,0,0,0,0,0,0,0,0,0,0,0,0,0,0,0,0,255,0,221,255,0,221,0,0,0,0,0,0,0,0,0,0,0,0,0,0,0,0,0,0,0,0,0,255,0,221,255,0,221,255,0,221,255,0,221,255,0,221,255,0,221,255,0,221,0,0,0,0
0,0,0,255,0,221,255,0,221,255,0,221,255,0,221,255,0,221,255,0,221,0,0,0,0,0,0,0,0,0,0,0,0,0,0,0,0,0,0,0,0,0,255,0,221,255,0,221,0,0,0,0,0,0,0,0,0,0,0,0,0,0,0,0,0,0,0,0,0,255,0,221,255,0,221,255,0,221,255,0,221,255,0,221,255,0,221,255,0,221,0,0,0,0
0,0,0,255,0,67,255,0,67,255,0,67,255,0,67,255,0,67,255,0,67,0,0,0,0,0,0,0,0,0,0,0,0,0,0,0,0,0,0,0,0,0,255,0,67,255,0,71,0,0,0,0,0,0,0,0,0,0,0,0,0,0,0,0,0,0,0,0,0,255,0,67,255,0,67,255,0,67,255,0,67,255,0,67,255,0,67,0,0,0,0,0,0,0
0,0,0,255,0,51,255,0,51,255,0,51,255,0,51,255,0,51,255,0,51,255,0,51,0,0,0,0,0,0,0,0,0,0,0,0,0,0,0,0,0,0,255,0,51,255,0,51,0,0,0,0,0,0,0,0,0,0,0,0,0,0,0,0,0,0,0,0,0,255,0,51,255,0,51,255,0,51,255,0,51,255,0,51,255,0,51,0,0,0,0,0,0,0
0,0,0,24,0,1,255,0,18,255,0,18,255,0,18,255,0,18,255,0,18,255,0,18,0,0,0,0,0,0,0,0,0,0,0,0,0,0,0,0,0,0,0,0,0,255,0,18,0,0,0,0,0,0,0,0,0,0,0,0,0,0,0,0,0,0,252,0,18,255,0,18,255,0,18,255,0,18,255,0,18,255,0,18,255,0,18,0,0,0,0,0,0,0
0,0,0,0,0,0,255,0,3,255,0,3,255,0,3,255,0,3,255,0,3,255,0,3,0,0,0,0,0,0,0,0,0,0,0,0,0,0,0,0,0,0,0,0,0,0,0,0,0,0,0,0,0,0,0,0,0,0,0,0,0,0,0,0,0,0,255,0,3,255,0,3,255,0,3,255,0,3,255,0,3,255,0,3,149,0,2,0,0,0,0,0,0,0
0,0,0,0,0,0,255,2,0,255,2,0,255,2,0,255,2,0,255,2,0,255,2,0,0,0,0,0,0,0,0,0,0,0,0,0,0,0,0,0,0,0,0,0,0,0,0,0,0,0,0,0,0,0,0,0,0,0,0,0,0,0,0,0,0,0,255,2,0,255,2,0,255,2,0,255,2,0,255,2,0,255,2,0,0,0,0,0,0,0,0,0,0,0
0,0,0,0,0,0,255,15,0,255,15,0,255,15,0,255,15,0,255,15,0,255,15,0,0,0,0,0,0,0,0,0,0,0,0,0,0,0,0,0,0,0,0,0,0,0,0,0,0,0,0,0,0,0,0,0,0,0,0,0,0,0,0,0,0,0,255,15,0,255,15,0,255,17,0,255,15,0,255,15,0,255,15,0,0,0,0,0,0,0,0,0,0,0
0,0,0,0,0,0,255,44,0,255,44,0,255,44,0,255,44,0,255,44,0,255,44,0,255,44,0,0,0,0,0,0,0,0,0,0,0,0,0,0,0,0,0,0,0,0,0,0,0,0,0,0,0,0,0,0,0,0,0,0,0,0,0,0,0,0,255,44,0,255,44,0,255,44,0,255,44,0,255,44,0,255,44,0,0,0,0,0,0,0,0,0,0,0
0,0,0,0,0,0,0,0,0,255,93,0,255,93,0,255,93,0,255,93,0,255,93,0,255,93,0,0,0,0,0,0,0,0,0,0,0,0,0,0,0,0,0,0,0,0,0,0,0,0,0,0,0,0,0,0,0,0,0,0,0,0,0,255,93,0,255,93,0,255,93,0,255,93,0,255,93,0,255,93,0,255,93,0,0,0,0,0,0,0,0,0,0,0
0,0,0,0,0,0,0,0,0,255,168,0,255,168,0,255,168,0,255,168,0,255,168,0,255,168,0,0,0,0,0,0,0,0,0,0,0,0,0,0,0,0,0,0,0,0,0,0,0,0,0,0,0,0,0,0,0,0,0,0,0,0,0,255,168,0,255,168,0,255,168,0,255,168,0,255,168,0,255,168,0,0,0,0,0,0,0,0,0,0,0,0,0,0
0,0,0,0,0,0,0,0,0,242,255,0,242,255,0,242,255,0,242,255,0,242,255,0,242,255,0,0,0,0,0,0,0,0,0,0,0,0,0,0,0,0,0,0,0,0,0,0,0,0,0,0,0,0,0,0,0,0,0,0,0,0,0,242,255,0,242,255,0,242,255,0,242,255,0,242,255,0,242,255,0,0,0,0,0,0,0,0,0,0,0,0,0,0
0,0,0,0,0,0,0,0,0,149,255,0,149,255,0,149,255,0,149,255,0,149,255,0,149,255,0,0,0,0,0,0,0,0,0,0,0,0,0,0,0,0,0,0,0,0,0,0,0,0,0,0,0,0,0,0,0,0,0,0,0,0,0,149,255,0,149,255,0,149,255,0,149,255,0,149,255,0,149,255,0,0,0,0,0,0,0,0,0,0,0,0,0,0
0,0,0,0,0,0,0,0,0,82,255,0,82,255,0,82,255,0,82,255,0,82,255,0,82,255,0,82,255,0,0,0,0,0,0,0,0,0,0,0,0,0,0,0,0,0,0,0,0,0,0,0,0,0,0,0,0,0,0,0,0,0,0,82,255,0,82,255,0,82,255,0,82,255,0,82,255,0,82,255,0,0,0,0,0,0,0,0,0,0,0,0,0,0
0,0,0,0,0,0,0,0,0,0,0,0,37,255,0,37,255,0,37,255,0,37,255,0,37,255,0,37,255,0,0,0,0,0,0,0,0,0,0,0,0,0,0,0,0,0,0,0,0,0,0,0,0,0,0,0,0,0,0,0,37,255,0,37,255,0,37,255,0,37,255,0,37,255,0,37,255,0,37,255,0,0,0,0,0,0,0,0,0,0,0,0,0,0
0,0,0,0,0,0,0,0,0,0,0,0,15,255,0,11,255,0,11,255,0,11,255,0,11,255,0,11,255,0,0,0,0,0,0,0,0,0,0,0,0,0,0,0,0,0,0,0,0,0,0,0,0,0,0,0,0,0,0,0,11,255,0,11,255,0,11,255,0,11,255,0,11,255,0,11,255,0,0,0,0,0,0,0,0,0,0,0,0,0,0,0,0,0
0,0,0,0,0,0,0,0,0,0,0,0,1,255,0,1,255,0,1,255,0,1,255,0,1,255,0,1,255,0,0,0,0,0,0,0,0,0,0,0,0,0,0,0,0,0,0,0,0,0,0,0,0,0,0,0,0,0,0,0,1,255,0,1,255,0,1,255,0,1,255,0,1,255,0,1,255,0,0,0,0,0,0,0,0,0,0,0,0,0,0,0,0,0
0,0,0,0,0,0,0,0,0,0,0,0,0,255,5,0,255,5,0,255,5,0,255,5,0,255,5,0,255,5,0,28,0,0,0,0,0,0,0,0,0,0,0,0,0,0,0,0,0,0,0,0,0,0,0,0,0,0,0,0,0,255,5,0,255,5,0,255,5,0,255,5,0,255,5,0,255,5,0,0,0,0,0,0,0,0,0,0,0,0,0,0,0,0
0,0,0,0,0,0,0,0,0,0,0,0,0,255,24,0,255,24,0,255,24,0,255,24,0,255,24,0,255,24,0,255,24,0,0,0,0,0,0,0,0,0,0,0,0,0,0,0,0,0,0,0,0,0,0,0,0,0,4,0,0,255,24,0,255,24,0,255,24,0,255,24,0,255,24,0,255,24,0,0,0,0,0,0,0,0,0,0,0,0,0,0,0,0
0,0,0,0,0,0,0,0,0,0,0,0,0,0,0,0,255,62,0,255,62,0,255,62,0,255,62,0,255,62,0,255,62,0,0,0,0,0,0,0,0,0,0,0,0,0,0,0,0,0,0,0,0,0,0,0,0,0,255,62,0,255,62,0,255,62,0,255,62,0,255,62,0,255,62,0,255,62,0,0,0,0,0,0,0,0,0,0,0,0,0,0,0,0
0,0,0,0,0,0,0,0,0,0,0,0,0,0,0,0,255,132,0,255,119,0,255,119,0,255,127,0,255,119,0,255,119,0,0,0,0,0,0,0,0,0,0,0,0,0,0,0,0,0,0,0,0,0,0,0,0,0,255,119,0,255,119,0,255,119,0,255,119,0,255,119,0,255,119,0,0,0,0,0,0,0,0,0,0,0,0,0,0,0,0,0,0,0
0,0,0,0,0,0,0,0,0,0,0,0,0,0,0,0,255,199,0,255,199,0,255,199,0,255,199,0,255,199,0,255,199,0,0,0,0,0,0,0,0,0,0,0,0,0,0,0,0,0,0,0,0,0,0,0,0,0,255,199,0,255,199,0,255,199,0,255,199,0,255,199,0,255,199,0,0,0,0,0,0,0,0,0,0,0,0,0,0,0,0,0,0,0
0,0,0,0,0,0,0,0,0,0,0,0,0,0,0,0,205,255,0,205,255,0,205,255,0,205,255,0,205,255,0,205,255,0,205,255,0,0,0,0,0,0,0,0,0,0,0,0,0,0,0,0,0,0,0,0,0,0,205,255,0,205,255,0,205,255,0,205,255,0,205,255,0,205,255,0,0,0,0,0,0,0,0,0,0,0,0,0,0,0,0,0,0,0
0,0,0,0,0,0,0,0,0,0,0,0,0,0,0,0,41,79,0,122,255,0,122,255,0,122,255,0,122,255,0,122,255,0,122,255,0,0,0,0,0,0,0,0,0,0,0,0,0,0,0,0,0,0,0,62,128,0,122,255,0,122,255,0,122,255,0,122,255,0,122,255,0,122,255,0,0,0,0,0,0,0,0,0,0,0,0,0,0,0,0,0,0,0
0,0,0,0,0,0,0,0,0,0,0,0,0,0,0,0,0,0,0,63,255,0,63,255,0,63,255,0,63,255,0,63,255,0,63,255,0,0,0,0,0,0,0,0,0,0,0,0,0,0,0,0,0,0,0,63,255,0,63,255,0,63,255,0,63,255,0,63,255,0,63,255,0,95,255,0,0,0,0,0,0,0,0,0,0,0,0,0,0,0,0,0,0,0
0,0,0,0,0,0,0,0,0,0,0,0,0,0,0,0,0,0,0,25,255,0,25,255,0,25,255,0,33,255,0,25,255,0,25,255,0,0,0,0,0,0,0,0,0,0,0,0,0,0,0,0,0,0,0,25,255,0,25,255,0,25,255,0,25,255,0,25,255,0,25,255,0,0,0,0,0,0,0,0,0,0,0,0,0,0,0,0,0,0,0,0,0,0
0,0,0,0,0,0,0,0,0,0,0,0,0,0,0,0,0,0,0,6,255,0,6,255,0,6,255,0,6,255,0,6,255,0,6,255,0,0,0,0,0,0,0,0,0,0,0,0,0,0,0,0,0,0,0,6,255,0,6,255,0,6,255,0,6,255,0,6,255,0,6,255,0,0,0,0,0,0,0,0,0,0,0,0,0,0,0,0,0,0,0,0,0,0
0,0,0,0,0,0,0,0,0,0,0,0,0,0,0,0,0,0,0,0,255,0,0,255,0,0,255,0,0,255,0,0,255,0,0,255,0,0,255,0,0,0,0,0,0,0,0,0,0,0,0,0,0,0,0,0,255,0,0,255,0,0,255,0,0,255,0,0,255,0,0,255,0,0,0,0,0,0,0,0,0,0,0,0,0,0,0,0,0,0,0,0,0,0
6,0,255,0,0,0,0,0,0,0,0,0,0,0,0,0,0,0,0,0,0,6,0,255,6,0,255,6,0,255,6,0,255,6,0,255,6,0,255,0,0,0,0,0,0,0,0,0,0,0,0,6,0,255,6,0,255,6,0,255,6,0,255,6,0,255,6,0,255,6,0,255,0,0,0,0,0,0,0,0,0,0,0,0,0,0,0,0,0,0,0,0,0,0
0,0,255,0,0,0,0,0,0,0,0,0,0,0,0,0,0,0,0,0,0,0,0,255,0,0,255,0,0,255,0,0,255,0,0,255,0,0,255,0,0,0,0,0,0,0,0,0,0,0,0,0,0,255,0,0,255,0,0,255,0,0,255,0,0,255,0,0,255,0,0,0,0,0,0,0,0,0,0,0,0,0,0,0,0,0,0,0,0,255,0,0,0,0
0,9,255,0,0,0,0,0,0,0,0,0,0,0,0,0,0,0,0,0,0,0,9,255,0,9,255,0,9,255,0,9,255,0,9,255,0,9,255,0,0,0,0,0,0,0,0,0,0,0,0,0,9,255,0,9,255,0,9,255,0,9,255,0,9,255,0,9,255,0,0,0,0,0,0,0,0,0,0,0,0,0,0,0,0,0,0,0,9,255,0,0,0,0
0,34,255,0,0,0,0,0,0,0,0,0,0,0,0,0,0,0,0,0,0,0,34,255,0,34,255,0,34,255,0,34,255,0,34,255,0,34,255,0,0,0,0,0,0,0,0,0,0,0,0,0,34,255,0,34,255,0,34,255,0,34,255,0,34,255,0,34,255,0,0,0,0,0,0,0,0,0,0,0,0,0,0,0,0,0,0,0,34,255,0,0,0,0
0,78,255,0,78,255,0,0,0,0,0,0,0,0,0,0,0,0,0,0,0,0,78,255,0,78,255,0,78,255,0,78,255,0,78,255,0,78,255,0,78,255,0,0,0,0,0,0,0,0,0,0,78,255,0,78,255,0,78,255,0,78,255,0,78,255,0,78,255,0,0,0,0,0,0,0,0,0,0,0,0,0,0,0,0,0,0,0,78,255,0,0,0,0
0,144,255,0,144,255,0,0,0,0,0,0,0,0,0,0,0,0,0,0,0,0,0,0,0,144,255,0,144,255,0,144,255,0,144,255,0,144,255,0,144,255,0,0,0,0,0,0,0,144,255,0,144,255,0,144,255,0,144,255,0,144,255,0,144,255,0,144,255,0,0,0,0,0,0,0,0,0,0,0,0,0,0,0,0,39,69,0,144,255,0,0,0,0
0,235,255,0,235,255,0,0,0,0,0,0,0,0,0,0,0,0,0,0,0,0,0,0,0,237,255,0,235,255,0,235,255,0,235,255,0,235,255,0,235,255,0,0,0,0,0,0,0,235,255,0,235,255,0,235,255,0,235,255,0,235,255,0,235,255,0,0,0,0,0,0,0,0,0,0,0,0,0,0,0,0,0,0,0,235,255,0,235,255,0,0,0,0
0,255,176,0,255,176,0,0,0,0,0,0,0,0,0,0,0,0,0,0,0,0,0,0,0,255,176,0,255,176,0,255,176,0,255,176,0,255,176,0,255,176,0,0,0,0,0,0,0,255,176,0,255,176,0,255,176,0,255,176,0,255,176,0,255,176,0,0,0,0,0,0,0,0,0,0,0,0,0,0,0,0,0,0,0,255,176,0,255,176,0,0,0,0
0,255,100,0,255,100,0,0,0,0,0,0,0,0,0,0,0,0,0,0,0,0,0,0,0,255,100,0,255,100,0,255,100,0,255,100,0,255,100,0,255,100,0,0,0,0,0,0,0,255,100,0,255,100,0,255,100,0,255,100,0,255,100,0,255,100,0,0,0,0,0,0,0,0,0,0,0,0,0,0,0,0,0,0,0,255,100,0,255,100,0,0,0,0
0,255,48,0,255,48,0,255,48,0,0,0,0,0,0,0,0,0,0,0,0,0,0,0,0,255,48,0,255,48,0,255,48,0,255,48,0,255,48,0,255,48,0,255,48,0,0,0,0,255,48,0,255,48,0,255,48,0,255,48,0,255,48,0,255,48,0,0,0,0,0,0,0,0,0,0,0,0,0,0,0,0,0,0,0,255,48,0,255,48,0,0,0,0
0,255,17,0,255,17,0,255,17,0,0,0,0,0,0,0,0,0,0,0,0,0,0,0,0,0,0,0,255,17,0,255,17,0,255,17,0,255,17,0,255,17,0,255,17,0,255,17,0,255,17,0,255,17,0,255,17,0,255,17,0,255,17,0,255,17,0,0,0,0,0,0,0,0,0,0,0,0,0,0,0,0,255,17,0,255,17,0,255,17,0,0,0,0
0,255,2,0,255,2,0,255,2,0,0,0,0,0,0,0,0,0,0,0,0,0,0,0,0,0,0,0,255,2,0,255,2,0,255,2,0,255,2,0,255,2,0,255,2,0,255,2,0,255,2,0,255,2,0,255,2,0,255,2,0,255,2,0,0,0,0,0,0,0,0,0,0,0,0,0,0,0,0,0,0,0,255,2,0,255,2,0,255,2,0,0,0,0
2,255,0,2,255,0,2,255,0,0,0,0,0,0,0,0,0,0,0,0,0,0,0,0,0,0,0,2,255,0,2,255,0,2,255,0,2,255,0,2,255,0,2,255,0,2,255,0,2,255,0,2,255,0,2,255,0,2,255,0,2,255,0,0,0,0,0,0,0,0,0,0,0,0,0,0,0,0,0,0,0,2,255,0,2,255,0,2,255,0,0,0,0,0
17,255,0,16,255,0,16,255,0,0,0,0,0,0,0,0,0,0,0,0,0,0,0,0,0,0,0,16,255,0,16,255,0,16,255,0,16,255,0,16,255,0,16,255,0,16,255,0,16,255,0,16,255,0,16,255,0,16,255,0,16,255,0,0,0,0,0,0,0,0,0,0,0,0,0,0,0,0,0,0,0,16,255,0,16,255,0,16,255,0,0,0,0,0
47,255,0,47,255,0,47,255,0,47,255,0,0,0,0,0,0,0,0,0,0,0,0,0,0,0,0,45,174,0,47,255,0,47,255,0,47,255,0,47,255,0,47,255,0,47,255,0,47,255,0,47,255,0,47,255,0,47,255,0,47,255,0,0,0,0,0,0,0,0,0,0,0,0,0,0,0,0,0,0,0,47,255,0,47,255,0,72,255,0,0,0,0,0
98,255,0,98,255,0,98,255,0,98,255,0,0,0,0,0,0,0,0,0,0,0,0,0,0,0,0,0,0,0,98,255,0,98,255,0,98,255,0,98,255,0,98,255,0,98,255,0,98,255,0,98,255,0,98,255,0,98,255,0,82,180,0,0,0,0,0,0,0,0,0,0,0,0,0,0,0,0,98,255,0,98,255,0,98,255,0,98,255,0,0,0,0,0
0,0,0,172,255,0,172,255,0,172,255,0,0,0,0,0,0,0,0,0,0,0,0,0,0,0,0,0,0,0,172,255,0,172,255,0,172,255,0,197,255,0,172,255,0,172,255,0,172,255,0,172,255,0,172,255,0,172,255,0,0,0,0,0,0,0,0,0,0,0,0,0,0,0,0,0,0,0,172,255,0,172,255,0,172,255,0,172,255,0,0,0,0,0
0,0,0,255,233,0,255,233,0,255,233,0,0,0,0,0,0,0,0,0,0,0,0,0,0,0,0,0,0,0,255,233,0,255,233,0,255,233,0,255,233,0,255,233,0,255,233,0,255,233,0,255,233,0,255,233,0,255,233,0,0,0,0,0,0,0,0,0,0,0,0,0,0,0,0,0,0,0,255,233,0,255,233,0,255,233,0,0,0,0,0,0,0,0
0,0,0,255,142,0,255,142,0,255,142,0,0,0,0,0,0,0,0,0,0,0,0,0,0,0,0,0,0,0,255,142,0,255,142,0,255,142,0,255,142,0,255,142,0,255,142,0,255,142,0,255,142,0,255,142,0,255,142,0,0,0,0,0,0,0,0,0,0,0,0,0,0,0,0,0,0,0,255,142,0,255,142,0,255,142,0,0,0,0,0,0,0,0
0,0,0,255,78,0,255,78,0,255,78,0,255,78,0,0,0,0,0,0,0,0,0,0,0,0,0,0,0,0,0,0,0,255,78,0,255,78,0,255,78,0,255,78,0,255,78,0,255,78,0,255,78,0,255,78,0,255,78,0,0,0,0,0,0,0,0,0,0,0,0,0,0,0,0,0,0,0,255,78,0,255,78,0,255,78,0,0,0,0,0,0,0,0
0,0,0,255,34,0,255,34,0,255,34,0,255,34,0,0,0,0,0,0,0,0,0,0,0,0,0,0,0,0,0,0,0,255,34,0,255,34,0,255,34,0,255,34,0,255,34,0,255,34,0,255,34,0,255,34,0,13,1,0,0,0,0,0,0,0,0,0,0,0,0,0,0,0,0,255,34,0,255,34,0,255,34,0,255,34,0,0,0,0,0,0,0,0
0,0,0,0,0,0,255,10,0,255,10,0,255,10,0,0,0,0,0,0,0,0,0,0,0,0,0,0,0,0,0,0,0,255,10,0,255,10,0,255,10,0,255,10,0,255,10,0,255,10,0,255,10,0,255,10,0,0,0,0,0,0,0,0,0,0,0,0,0,0,0,0,0,0,0,255,10,0,255,10,0,255,10,0,255,10,0,0,0,0,0,0,0,0
0,0,0,0,0,0,255,0,0,255,0,0,255,0,0,0,0,0,0,0,0,0,0,0,0,0,0,0,0,0,0,0,0,255,0,0,255,0,0,255,0,0,255,0,0,255,0,0,255,0,0,255,0,0,255,0,0,0,0,0,0,0,0,0,0,0,0,0,0,0,0,0,0,0,0,255,0,0,255,0,0,255,0,0,0,0,0,0,0,0,0,0,0,0
0,0,0,0,0,0,255,0,6,255,0,6,255,0,6,122,0,3,0,0,0,0,0,0,0,0,0,0,0,0,0,0,0,255,0,6,255,0,6,255,0,6,255,0,6,255,0,6,255,0,6,255,0,6,255,0,6,0,0,0,0,0,0,0,0,0,0,0,0,0,0,0,0,0,0,255,0,6,255,0,6,255,0,6,0,0,0,0,0,0,0,0,0,0
0,0,0,0,0,0,255,0,25,255,0,25,255,0,25,255,0,25,0,0,0,0,0,0,0,0,0,0,0,0,0,0,0,0,0,0,255,0,25,255,0,25,255,0,25,255,0,25,255,0,25,255,0,25,255,0,25,0,0,0,0,0,0,0,0,0,0,0,0,0,0,0,19,0,1,255,0,25,255,0,25,255,0,25,0,0,0,0,0,0,0,0,0,0
0,0,0,0,0,0,255,0,62,255,0,62,255,0,62,255,0,62,0,0,0,0,0,0,0,0,0,0,0,0,0,0,0,0,0,0,255,0,62,255,0,62,255,0,62,255,0,62,255,0,62,255,0,62,0,0,0,0,0,0,0,0,0,0,0,0,0,0,0,0,0,0,255,0,62,255,0,62,255,0,62,255,0,62,0,0,0,0,0,0,0,0,0,0
0,0,0,0,0,0,0,0,0,255,0,120,255,0,120,255,0,120,0,0,0,0,0,0,0,0,0,0,0,0,0,0,0,0,0,0,255,0,120,255,0,120,255,0,120,255,0,120,255,0,120,255,0,120,0,0,0,0,0,0,0,0,0,0,0,0,0,0,0,0,0,0,255,0,120,255,0,120,255,0,120,255,0,120,0,0,0,0,0,0,0,0,0,0
0,0,0,0,0,0,0,0,0,255,0,203,255,0,203,255,0,203,0,0,0,0,0,0,0,0,0,0,0,0,0,0,0,0,0,0,255,0,203,255,0,203,255,0,203,255,0,203,255,0,203,255,0,203,0,0,0,0,0,0,0,0,0,0,0,0,0,0,0,0,0,0,255,0,203,255,0,203,255,0,203,0,0,0,0,0,0,0,0,0,0,0,0,0
0,0,0,0,0,0,0,0,0,201,0,255,201,0,255,201,0,255,201,0,255,0,0,0,0,0,0,0,0,0,0,0,0,0,0,0,201,0,255,201,0,255,201,0,255,201,0,255,201,0,255,201,0,255,0,0,0,0,0,0,0,0,0,0,0,0,0,0,0,0,0,0,201,0,255,201,0,255,201,0,255,0,0,0,0,0,0,0,0,0,0,0,0,0
0,0,0,0,0,0,0,0,0,201,0,255,201,0,255,201,0,255,201,0,255,0,0,0,0,0,0,0,0,0,0,0,0,0,0,0,201,0,255,201,0,255,201,0,255,201,0,255,201,0,255,201,0,255,0,0,0,0,0,0,0,0,0,0,0,0,0,0,0,0,0,0,201,0,255,201,0,255,201,0,255,0,0,0,0,0,0,0,0,0,0,0,0,0
0,0,0,0,0,0,0,0,0,31,0,128,63,0,255,63,0,255,63,0,255,0,0,0,0,0,0,0,0,0,0,0,0,0,0,0,0,0,0,63,0,255,63,0,255,63,0,255,63,0,255,0,0,0,0,0,0,0,0,0,0,0,0,0,0,0,0,0,0,63,0,255,63,0,255,63,0,255,63,0,255,0,0,0,0,0,0,0,0,0,0,0,0,0
0,0,0,0,0,0,0,0,0,0,0,0,46,0,255,46,0,255,46,0,255,0,0,0,0,0,0,0,0,0,0,0,0,0,0,0,0,0,0,46,0,255,46,0,255,46,0,255,61,0,255,0,0,0,0,0,0,0,0,0,0,0,0,0,0,0,0,0,0,46,0,255,46,0,255,46,0,255,23,0,133,0,0,0,0,0,0,0,0,0,0,0,0,0
0,0,0,0,0,0,0,0,0,0,0,0,18,0,255,15,0,255,15,0,255,0,0,0,0,0,0,0,0,0,0,0,0,0,0,0,0,0,0,15,0,255,15,0,255,15,0,255,15,0,255,0,0,0,0,0,0,0,0,0,0,0,0,0,0,0,0,0,0,15,0,255,15,0,255,15,0,255,0,0,0,0,0,0,0,0,0,0,0,0,0,0,0,0
0,0,0,0,0,0,0,0,0,0,0,0,18,0,255,18,0,255,18,0,255,18,0,255,0,0,0,0,0,0,0,0,0,0,0,0,0,0,0,30,0,255,18,0,255,18,0,255,18,0,255,0,0,0,0,0,0,0,0,0,0,0,0,0,0,0,0,0,0,18,0,255,18,0,255,27,0,255,0,0,0,0,0,0,0,0,0,0,0,0,0,0,0,0
0,0,0,0,0,0,0,0,0,0,0,0,50,0,255,50,0,255,50,0,255,50,0,255,0,0,0,0,0,0,0,0,0,0,0,0,0,0,0,0,0,0,50,0,255,50,0,255,50,0,255,0,0,0,0,0,0,0,0,0,0,0,0,0,0,0,50,0,255,50,0,255,50,0,255,50,0,255,0,0,0,0,0,0,0,0,0,0,0,0,0,0,0,0
0,0,0,0,0,0,0,0,0,0,0,0,0,0,0,102,0,255,102,0,255,102,0,255,0,0,0,0,0,0,0,0,0,0,0,0,0,0,0,0,0,0,105,0,255,102,0,255,0,0,0,0,0,0,0,0,0,0,0,0,0,0,0,0,0,0,102,0,255,102,0,255,102,0,255,102,0,255,0,0,0,0,0,0,0,0,0,0,0,0,0,0,0,0
0,0,0,0,0,0,0,0,0,0,0,0,0,0,0,180,0,255,180,0,255,180,0,255,0,0,0,0,0,0,0,0,0,0,0,0,0,0,0,0,0,0,180,0,255,182,0,255,0,0,0,0,0,0,0,0,0,0,0,0,0,0,0,0,0,0,180,0,255,180,0,255,180,0,255,3,0,4,0,0,0,0,0,0,0,0,0,0,0,0,0,0,0,0
0,0,0,0,0,0,0,0,0,0,0,0,0,0,0,255,0,230,255,0,228,255,0,228,0,0,0,0,0,0,0,0,0,0,0,0,0,0,0,0,0,0,255,0,228,255,0,228,0,0,0,0,0,0,0,0,0,0,0,0,0,0,0,0,0,0,255,0,228,255,0,228,255,0,228,0,0,0,0,0,0,0,0,0,0,0,0,0,0,0,0,0,0,0
