7,0,255,7,0,255,7,0,255,7,0,255,7,0,255,7,0,255,0,0,0,0,0,0,0,0,0,0,0,0,0,0,0,0,0,0,0,0,0,214,0,0,214,0,0,214,0,0,214,0,0,214,0,0,0,0,0,0,0,0,0,0,0,0,0,0,0,0,0,0,0,0,7,0,255,7,0,255,7,0,255,7,0,255,7,0,255,7,0,255,214,0,0,0,0,0,0,0,0,0,0,0,0,0,0,0,0,0,0,0,0,214,0,0,214,0,0,0,0,0,0,0,0,0,0,0,0,0,0,0,0,0,0,0,0,214,0,0,214,0,0,0,0,0,0,0,0,0,0,0,0,0,0,0,0,0,0,0,0,214,0,0,214,0,0,0,0,0,0,0,0,0,0,0,0,0,0,0,0,0,0,0,0,214,0,0
7,0,255,7,0,255,7,0,255,7,0,255,7,0,255,1,0,37,0,0,0,0,0,0,0,0,0,0,0,0,0,0,0,0,0,0,0,0,0,214,0,0,214,0,0,214,0,0,214,0,0,214,0,0,0,0,0,0,0,0,0,0,0,0,0,0,0,0,0,0,0,0,1,0,39,7,0,255,7,0,255,7,0,255,7,0,255,7,0,255,214,0,0,214,0,0,0,0,0,0,0,0,0,0,0,0,0,0,0,0,0,214,0,0,214,0,0,0,0,0,0,0,0,0,0,0,0,0,0,0,0,0,0,0,0,214,0,0,214,0,0,0,0,0,0,0,0,0,0,0,0,0,0,0,0,0,0,0,0,214,0,0,214,0,0,0,0,0,0,0,0,0,0,0,0,0,0,0,0,0,0,0,0,214,0,0
7,0,255,7,0,255,7,0,255,0,0,0,0,0,0,0,0,0,0,0,0,0,0,0,0,0,0,0,0,0,0,0,0,0,0,0,0,0,0,214,0,0,214,0,0,214,0,0,214,0,0,214,0,0,214,0,0,0,0,0,0,0,0,0,0,0,0,0,0,0,0,0,0,0,0,0,0,0,0,0,0,7,0,255,7,0,255,7,0,255,214,0,0,214,0,0,0,0,0,0,0,0,0,0,0,0,0,0,214,0,0,214,0,0,214,0,0,0,0,0,0,0,0,0,0,0,0,0,0,0,0,0,0,0,0,214,0,0,214,0,0,0,0,0,0,0,0,0,0,0,0,0,0,0,0,0,0,0,0,214,0,0,214,0,0,214,0,0,0,0,0,0,0,0,0,0,0,0,0,0,214,0,0,214,0,0
7,0,255,7,0,255,7,0,255,0,0,0,0,0,0,0,0,0,0,0,0,0,0,0,0,0,0,0,0,0,0,0,0,0,0,0,214,0,0,214,0,0,214,0,0,214,0,0,214,0,0,214,0,0,214,0,0,0,0,0,0,0,0,0,0,0,0,0,0,0,0,0,0,0,0,0,0,0,0,0,0,7,0,255,7,0,255,7,0,255,214,0,0,214,0,0,0,0,0,0,0,0,0,0,0,0,0,0,214,0,0,214,0,0,214,0,0,0,0,0,0,0,0,0,0,0,0,0,0,0,0,0,0,0,0,214,0,0,214,0,0,0,0,0,0,0,0,0,0,0,0,0,0,0,0,0,0,0,0,214,0,0,214,0,0,214,0,0,0,0,0,0,0,0,0,0,0,0,0,0,214,0,0,214,0,0
0,0,0,0,0,0,0,0,0,0,0,0,0,0,0,0,0,0,0,0,0,0,0,0,0,0,0,0,0,0,0,0,0,0,0,0,214,0,0,214,0,0,214,0,0,214,0,0,214,0,0,214,0,0,214,0,0,214,0,0,0,0,0,0,0,0,0,0,0,0,0,0,0,0,0,0,0,0,0,0,0,0,0,0,0,0,0,0,0,0,0,0,0,214,0,0,0,0,0,0,0,0,0,0,0,0,0,0,214,0,0,0,0,0,214,0,0,0,0,0,0,0,0,0,0,0,0,0,0,0,0,0,0,0,0,214,0,0,214,0,0,0,0,0,0,0,0,214,0,0,214,0,0,0,0,0,0,0,0,214,0,0,10,0,0,214,0,0,0,0,0,0,0,0,0,0,0,0,0,0,214,0,0,214,0,0
0,0,0,0,0,0,0,0,0,0,0,0,0,0,0,0,0,0,0,0,0,0,0,0,0,0,0,0,0,0,0,0,0,0,0,0,214,0,0,214,0,0,214,0,0,214,0,0,214,0,0,214,0,0,214,0,0,214,0,0,0,0,0,0,0,0,0,0,0,0,0,0,0,0,0,0,0,0,0,0,0,0,0,0,0,0,0,0,0,0,0,0,0,214,0,0,0,0,0,0,0,0,0,0,0,0,0,0,214,0,0,0,0,0,214,0,0,0,0,0,0,0,0,0,0,0,0,0,0,0,0,0,0,0,0,214,0,0,214,0,0,0,0,0,0,0,0,214,0,0,214,0,0,0,0,0,0,0,0,214,0,0,0,0,0,214,0,0,0,0,0,0,0,0,0,0,0,0,0,0,214,0,0,125,0,0
0,0,0,0,0,0,0,0,0,0,0,0,0,0,0,0,0,0,0,0,0,0,0,0,0,0,0,0,0,0,0,0,0,214,0,0,214,0,0,214,0,0,214,0,0,214,0,0,214,0,0,214,0,0,214,0,0,214,0,0,214,0,0,0,0,0,0,0,0,0,0,0,0,0,0,0,0,0,0,0,0,0,0,0,0,0,0,0,0,0,0,0,0,214,0,0,0,0,0,0,0,0,0,0,0,0,0,0,214,0,0,0,0,0,214,0,0,214,0,0,0,0,0,0,0,0,0,0,0,0,0,0,214,0,0,214,0,0,214,0,0,214,0,0,0,0,0,214,0,0,214,0,0,0,0,0,0,0,0,214,0,0,0,0,0,214,0,0,0,0,0,0,0,0,0,0,0,0,0,0,214,0,0,0,0,0
0,0,0,0,0,0,0,0,0,0,0,0,0,0,0,0,0,0,0,0,0,0,0,0,0,0,0,0,0,0,0,0,0,214,0,0,214,0,0,214,0,0,214,0,0,214,0,0,214,0,0,214,0,0,214,0,0,214,0,0,214,0,0,0,0,0,0,0,0,0,0,0,0,0,0,0,0,0,0,0,0,0,0,0,0,0,0,0,0,0,0,0,0,214,0,0,0,0,0,0,0,0,0,0,0,0,0,0,214,0,0,0,0,0,214,0,0,214,0,0,0,0,0,0,0,0,0,0,0,0,0,0,214,0,0,214,0,0,214,0,0,214,0,0,0,0,0,214,0,0,214,0,0,0,0,0,210,0,0,214,0,0,0,0,0,214,0,0,0,0,0,0,0,0,0,0,0,0,0,0,214,0,0,0,0,0
0,0,0,0,0,0,0,0,0,0,0,0,0,0,0,0,0,0,0,0,0,0,0,0,0,0,0,0,0,0,214,0,0,214,0,0,214,0,0,214,0,0,214,0,0,214,0,0,214,0,0,214,0,0,214,0,0,214,0,0,214,0,0,0,0,0,0,0,0,0,0,0,0,0,0,0,0,0,0,0,0,0,0,0,0,0,0,0,0,0,0,0,0,214,0,0,0,0,0,0,0,0,0,0,0,0,0,0,214,0,0,0,0,0,7,0,255,214,0,0,0,0,0,214,0,0,214,0,0,0,0,0,214,0,0,255,0,255,255,0,255,214,0,0,172,0,0,214,0,0,214,0,0,214,0,0,214,0,0,255,0,255,0,0,0,214,0,0,0,0,0,0,0,0,0,0,0,0,0,0,214,0,0,0,0,0
0,0,0,0,0,0,0,0,0,0,0,0,0,0,0,0,0,0,0,0,0,0,0,0,0,0,0,0,0,0,214,0,0,214,0,0,214,0,0,214,0,0,214,0,0,214,0,0,212,0,0,214,0,0,214,0,0,214,0,0,214,0,0,214,0,0,0,0,0,0,0,0,0,0,0,0,0,0,0,0,0,0,0,0,0,0,0,0,0,0,0,0,0,214,0,0,0,0,0,0,0,0,0,0,0,0,0,0,214,0,0,0,0,0,7,0,255,214,0,0,0,0,0,214,0,0,214,0,0,0,0,0,214,0,0,7,0,255,255,0,255,214,0,0,214,0,0,214,0,0,214,0,0,214,0,0,214,0,0,255,0,255,0,0,0,214,0,0,0,0,0,0,0,0,0,0,0,0,0,0,214,0,0,0,0,0
0,0,0,0,0,0,0,0,0,0,0,0,0,0,0,0,0,0,0,0,0,0,0,0,0,0,0,214,0,0,214,0,0,214,0,0,214,0,0,214,0,0,0,0,0,0,0,0,0,0,0,214,0,0,214,0,0,214,0,0,214,0,0,214,0,0,0,0,0,0,0,0,0,0,0,0,0,0,0,0,0,0,0,0,0,0,0,0,0,0,0,0,0,214,0,0,214,0,0,0,0,0,0,0,0,0,0,0,214,0,0,0,0,0,7,0,255,214,0,0,0,0,0,214,0,0,214,0,0,0,0,0,214,0,0,7,0,255,7,0,255,214,0,0,214,0,0,214,0,0,214,0,0,214,0,0,214,0,0,7,0,255,0,0,0,214,0,0,0,0,0,0,0,0,0,0,0,0,0,0,214,0,0,0,0,0
0,0,0,0,0,0,0,0,0,0,0,0,0,0,0,0,0,0,0,0,0,0,0,0,0,0,0,214,0,0,214,0,0,214,0,0,214,0,0,214,0,0,0,0,0,0,0,0,0,0,0,214,0,0,214,0,0,214,0,0,214,0,0,214,0,0,33,0,0,0,0,0,0,0,0,0,0,0,0,0,0,0,0,0,0,0,0,0,0,0,0,0,0,214,0,0,214,0,0,0,0,0,0,0,0,214,0,0,214,0,0,0,0,0,7,0,255,214,0,0,0,0,0,214,0,0,214,0,0,0,0,0,214,0,0,7,0,255,7,0,255,214,0,0,214,0,0,214,0,0,214,0,0,214,0,0,214,0,0,7,0,255,0,0,0,214,0,0,54,0,0,0,0,0,0,0,0,0,0,0,214,0,0,0,0,0
0,0,0,0,0,0,0,0,0,0,0,0,0,0,0,0,0,0,0,0,0,0,0,0,0,0,0,214,0,0,214,0,0,214,0,0,214,0,0,214,0,0,0,0,0,0,0,0,0,0,0,0,0,0,214,0,0,214,0,0,214,0,0,214,0,0,214,0,0,0,0,0,0,0,0,0,0,0,0,0,0,0,0,0,0,0,0,0,0,0,0,0,0,214,0,0,214,0,0,0,0,0,0,0,0,214,0,0,214,0,0,0,0,0,7,0,255,214,0,0,24,0,0,214,0,0,214,0,0,214,0,0,214,0,0,7,0,255,7,0,255,214,0,0,214,0,0,214,0,0,214,0,0,214,0,0,214,0,0,7,0,255,0,0,0,214,0,0,214,0,0,0,0,0,0,0,0,214,0,0,214,0,0,0,0,0
0,0,0,0,0,0,0,0,0,0,0,0,0,0,0,0,0,0,0,0,0,0,0,0,214,0,0,214,0,0,214,0,0,214,0,0,214,0,0,0,0,0,0,0,0,0,0,0,0,0,0,0,0,0,214,0,0,214,0,0,214,0,0,214,0,0,214,0,0,0,0,0,0,0,0,0,0,0,0,0,0,0,0,0,0,0,0,0,0,0,7,0,255,2,0,0,214,0,0,0,0,0,0,0,0,214,0,0,214,0,0,0,0,0,7,0,255,214,0,0,214,0,0,214,0,0,214,0,0,214,0,0,214,0,0,7,0,255,7,0,255,214,0,0,214,0,0,214,0,0,214,0,0,214,0,0,214,0,0,7,0,255,7,0,255,214,0,0,214,0,0,0,0,0,0,0,0,214,0,0,214,0,0,0,0,0
0,0,0,0,0,0,0,0,0,0,0,0,0,0,0,0,0,0,0,0,0,0,0,0,214,0,0,214,0,0,214,0,0,214,0,0,214,0,0,0,0,0,0,0,0,0,0,0,0,0,0,0,0,0,214,0,0,214,0,0,214,0,0,214,0,0,214,0,0,194,0,0,0,0,0,0,0,0,0,0,0,0,0,0,0,0,0,0,0,0,7,0,255,0,0,0,214,0,0,0,0,0,0,0,0,214,0,0,214,0,0,7,0,255,7,0,255,255,0,255,214,0,0,214,0,0,214,0,0,214,0,0,250,0,48,7,0,255,7,0,255,255,0,255,214,0,0,214,0,0,214,0,0,214,0,0,252,0,50,7,0,255,7,0,255,214,0,0,214,0,0,0,0,0,0,0,0,214,0,0,214,0,0,7,0,255
0,0,0,0,0,0,0,0,0,0,0,0,0,0,0,0,0,0,0,0,0,214,0,0,214,0,0,214,0,0,214,0,0,214,0,0,1,0,0,0,0,0,0,0,0,0,0,0,0,0,0,0,0,0,0,0,0,214,0,0,214,0,0,214,0,0,214,0,0,214,0,0,0,0,0,0,0,0,0,0,0,0,0,0,0,0,0,0,0,0,7,0,255,0,0,0,214,0,0,0,0,0,0,0,0,214,0,0,0,0,0,7,0,255,7,0,255,255,0,255,214,0,0,214,0,0,214,0,0,214,0,0,255,0,255,7,0,255,7,0,255,255,0,255,214,0,0,214,0,0,214,0,0,214,0,0,255,0,255,7,0,255,7,0,255,0,0,0,214,0,0,0,0,0,0,0,0,214,0,0,0,0,0,7,0,255
0,0,0,0,0,0,0,0,0,0,0,0,0,0,0,0,0,0,0,0,0,214,0,0,214,0,0,214,0,0,214,0,0,214,0,0,0,0,0,0,0,0,0,0,0,0,0,0,0,0,0,0,0,0,0,0,0,214,0,0,214,0,0,214,0,0,214,0,0,214,0,0,0,0,0,0,0,0,0,0,0,0,0,0,0,0,0,0,0,0,7,0,255,0,0,0,214,0,0,0,0,0,0,0,0,214,0,0,0,0,0,7,0,255,0,0,0,255,0,255,214,0,0,214,0,0,214,0,0,221,0,0,255,0,255,5,0,180,0,0,0,255,0,255,214,0,0,214,0,0,214,0,0,214,0,0,255,0,255,5,0,178,7,0,255,0,0,0,214,0,0,0,0,0,0,0,0,214,0,0,0,0,0,7,0,255
0,0,0,0,0,0,0,0,0,0,0,0,0,0,0,0,0,0,0,0,0,214,0,0,214,0,0,214,0,0,214,0,0,214,0,0,0,0,0,0,0,0,0,0,0,0,0,0,0,0,0,0,0,0,0,0,0,0,0,0,214,0,0,214,0,0,214,0,0,214,0,0,214,0,0,0,0,0,0,0,0,0,0,0,0,0,0,0,0,0,7,0,255,0,0,0,214,0,0,0,0,0,0,0,0,214,0,0,0,0,0,7,0,255,0,0,0,255,0,255,214,0,0,214,0,0,214,0,0,214,0,0,255,0,255,0,0,0,0,0,0,255,0,255,214,0,0,0,0,0,0,0,0,216,0,0,255,0,255,67,0,0,7,0,255,0,0,0,214,0,0,0,0,0,0,0,0,214,0,0,0,0,0,7,0,255
0,0,0,0,0,0,0,0,0,0,0,0,0,0,0,0,0,0,214,0,0,214,0,0,214,0,0,214,0,0,214,0,0,0,0,0,0,0,0,0,0,0,0,0,0,0,0,0,0,0,0,0,0,0,0,0,0,0,0,0,214,0,0,214,0,0,214,0,0,214,0,0,214,0,0,0,0,0,0,0,0,0,0,0,0,0,0,0,0,0,7,0,255,0,0,0,214,0,0,0,0,0,0,0,0,214,0,0,0,0,0,7,0,255,0,0,0,255,0,255,214,0,0,214,0,0,214,0,0,214,0,0,255,0,255,0,0,0,214,0,0,255,0,255,214,0,0,0,0,0,0,0,0,214,0,0,255,0,255,214,0,0,7,0,255,0,0,0,214,0,0,0,0,0,0,0,0,214,0,0,0,0,0,7,0,255
0,0,0,0,0,0,0,0,0,0,0,0,0,0,0,0,0,0,214,0,0,214,0,0,214,0,0,214,0,0,214,0,0,0,0,0,0,0,0,0,0,0,0,0,0,0,0,0,0,0,0,0,0,0,0,0,0,0,0,0,1,0,0,214,0,0,214,0,0,214,0,0,214,0,0,214,0,0,0,0,0,0,0,0,0,0,0,0,0,0,7,0,255,0,0,0,214,0,0,0,0,0,0,0,0,214,0,0,0,0,0,7,0,255,0,0,0,255,0,255,214,0,0,214,0,0,214,0,0,214,0,0,255,0,255,0,0,0,214,0,0,255,0,255,214,0,0,0,0,0,0,0,0,214,0,0,255,0,255,214,0,0,7,0,255,0,0,0,214,0,0,0,0,0,0,0,0,214,0,0,0,0,0,7,0,255
0,0,0,0,0,0,0,0,0,0,0,0,0,0,0,214,0,0,214,0,0,214,0,0,214,0,0,214,0,0,214,0,0,0,0,0,0,0,0,0,0,0,0,0,0,0,0,0,0,0,0,0,0,0,0,0,0,0,0,0,0,0,0,214,0,0,214,0,0,214,0,0,214,0,0,214,0,0,0,0,0,0,0,0,0,0,0,0,0,0,7,0,255,7,0,255,214,0,0,56,0,0,0,0,0,214,0,0,7,0,255,7,0,255,0,0,0,255,0,255,255,0,255,214,0,0,214,0,0,255,0,255,255,0,255,0,0,0,214,0,0,255,0,255,255,0,255,0,0,0,0,0,0,255,0,255,255,0,255,214,0,0,7,0,255,7,0,255,214,0,0,0,0,0,0,0,0,214,0,0,7,0,255,7,0,255
0,0,0,0,0,0,0,0,0,0,0,0,0,0,0,214,0,0,214,0,0,214,0,0,214,0,0,214,0,0,0,0,0,0,0,0,0,0,0,0,0,0,0,0,0,0,0,0,0,0,0,0,0,0,0,0,0,0,0,0,0,0,0,214,0,0,214,0,0,214,0,0,214,0,0,214,0,0,0,0,0,0,0,0,0,0,0,0,0,0,7,0,255,7,0,255,214,0,0,214,0,0,0,0,0,214,0,0,7,0,255,7,0,255,0,0,0,255,0,255,255,0,255,27,0,0,0,0,0,255,0,255,255,0,255,0,0,0,214,0,0,255,0,255,255,0,255,0,0,0,0,0,0,255,0,255,255,0,255,214,0,0,7,0,255,7,0,255,214,0,0,0,0,0,0,0,0,214,0,0,7,0,255,7,0,255
0,0,0,0,0,0,0,0,0,0,0,0,0,0,0,214,0,0,214,0,0,214,0,0,214,0,0,214,0,0,0,0,0,0,0,0,0,0,0,0,0,0,0,0,0,0,0,0,0,0,0,0,0,0,0,0,0,0,0,0,0,0,0,0,0,0,214,0,0,214,0,0,214,0,0,214,0,0,214,0,0,0,0,0,0,0,0,0,0,0,0,0,0,7,0,255,214,0,0,214,0,0,214,0,0,214,0,0,7,0,255,5,0,180,214,0,0,216,0,0,255,0,255,0,0,0,0,0,0,255,0,255,255,0,255,214,0,0,214,0,0,216,0,0,255,0,255,0,0,0,0,0,0,255,0,255,255,0,255,214,0,0,0,0,0,7,0,255,214,0,0,214,0,0,2,0,0,214,0,0,7,0,255,5,0,176
0,0,0,0,0,0,0,0,0,0,0,0,214,0,0,214,0,0,214,0,0,214,0,0,214,0,0,210,0,0,0,0,0,0,0,0,0,0,0,0,0,0,0,0,0,0,0,0,0,0,0,0,0,0,0,0,0,0,0,0,0,0,0,0,0,0,214,0,0,214,0,0,214,0,0,214,0,0,214,0,0,0,0,0,0,0,0,0,0,0,0,0,0,7,0,255,214,0,0,214,0,0,214,0,0,214,0,0,7,0,255,0,0,0,214,0,0,214,0,0,255,0,255,0,0,0,0,0,0,255,0,255,214,0,0,214,0,0,214,0,0,214,0,0,255,0,255,0,0,0,0,0,0,255,0,255,214,0,0,214,0,0,0,0,0,7,0,255,214,0,0,214,0,0,214,0,0,214,0,0,7,0,255,0,0,0
214,0,0,214,0,0,0,0,0,0,0,0,214,0,0,214,0,0,214,0,0,214,0,0,214,0,0,0,0,0,0,0,0,0,0,0,0,0,0,0,0,0,0,0,0,0,0,0,0,0,0,0,0,0,0,0,0,0,0,0,0,0,0,0,0,0,214,0,0,214,0,0,214,0,0,214,0,0,214,0,0,214,0,0,0,0,0,0,0,0,0,0,0,7,0,255,0,0,0,214,0,0,214,0,0,91,0,0,7,0,255,0,0,0,214,0,0,214,0,0,255,0,255,0,0,0,0,0,0,255,0,255,214,0,0,214,0,0,214,0,0,214,0,0,255,0,255,0,0,0,0,0,0,255,0,255,214,0,0,214,0,0,0,0,0,7,0,255,214,0,0,214,0,0,214,0,0,214,0,0,7,0,255,0,0,0
214,0,0,214,0,0,214,0,0,0,0,0,214,0,0,214,0,0,214,0,0,214,0,0,214,0,0,0,0,0,0,0,0,0,0,0,0,0,0,0,0,0,0,0,0,0,0,0,0,0,0,0,0,0,0,0,0,0,0,0,0,0,0,0,0,0,0,0,0,214,0,0,214,0,0,214,0,0,214,0,0,214,0,0,214,0,0,214,0,0,0,0,0,7,0,255,0,0,0,214,0,0,214,0,0,0,0,0,7,0,255,0,0,0,214,0,0,214,0,0,255,0,255,0,0,0,0,0,0,255,0,255,214,0,0,214,0,0,214,0,0,214,0,0,255,0,255,0,0,0,0,0,0,255,0,255,214,0,0,214,0,0,0,0,0,7,0,255,0,0,0,214,0,0,214,0,0,38,0,0,7,0,255,0,0,0
214,0,0,214,0,0,214,0,0,214,0,0,214,0,0,214,0,0,214,0,0,214,0,0,0,0,0,0,0,0,0,0,0,0,0,0,0,0,0,0,0,0,0,0,0,0,0,0,0,0,0,0,0,0,0,0,0,0,0,0,0,0,0,0,0,0,0,0,0,214,0,0,214,0,0,214,0,0,214,0,0,216,0,0,214,0,0,214,0,0,0,0,0,7,0,255,7,0,255,214,0,0,214,0,0,0,0,0,7,0,255,0,0,0,214,0,0,214,0,0,255,0,255,214,0,0,0,0,0,255,0,255,214,0,0,214,0,0,214,0,0,214,0,0,255,0,255,0,0,0,0,0,0,255,0,255,8,0,0,214,0,0,0,0,0,7,0,255,7,0,255,214,0,0,214,0,0,0,0,0,7,0,255,0,0,0
214,0,0,214,0,0,214,0,0,214,0,0,214,0,0,214,0,0,214,0,0,214,0,0,0,0,0,0,0,0,0,0,0,0,0,0,0,0,0,0,0,0,7,0,255,7,0,255,0,0,0,0,0,0,0,0,0,0,0,0,0,0,0,0,0,0,0,0,0,89,0,0,214,0,0,214,0,0,214,0,0,214,0,0,214,0,0,214,0,0,0,0,0,7,0,255,7,0,255,214,0,0,214,0,0,7,0,255,7,0,255,0,0,0,214,0,0,214,0,0,255,0,255,255,0,255,255,0,255,255,0,255,214,0,0,214,0,0,214,0,0,0,0,0,255,0,255,255,0,255,7,0,255,255,0,255,0,0,0,214,0,0,0,0,0,7,0,255,7,0,255,214,0,0,214,0,0,7,0,255,7,0,255,0,0,0
214,0,0,214,0,0,214,0,0,214,0,0,214,0,0,214,0,0,214,0,0,214,0,0,0,0,0,0,0,0,0,0,0,0,0,0,0,0,0,7,0,255,7,0,255,7,0,255,7,0,255,0,0,0,0,0,0,0,0,0,0,0,0,0,0,0,0,0,0,0,0,0,214,0,0,214,0,0,214,0,0,214,0,0,214,0,0,214,0,0,0,0,0,0,0,0,7,0,255,214,0,0,214,0,0,7,0,255,7,0,255,0,0,0,214,0,0,214,0,0,255,0,255,255,0,255,255,0,255,255,0,255,214,0,0,214,0,0,214,0,0,0,0,0,255,0,255,255,0,255,255,0,255,255,0,255,0,0,0,214,0,0,0,0,0,0,0,0,255,0,255,214,0,0,214,0,0,255,0,255,7,0,255,0,0,0
214,0,0,214,0,0,214,0,0,214,0,0,214,0,0,214,0,0,214,0,0,214,0,0,0,0,0,0,0,0,0,0,0,0,0,0,7,0,255,7,0,255,7,0,255,7,0,255,7,0,255,7,0,255,0,0,0,0,0,0,0,0,0,0,0,0,0,0,0,203,0,0,214,0,0,214,0,0,214,0,0,214,0,0,214,0,0,214,0,0,0,0,0,0,0,0,7,0,255,214,0,0,214,0,0,7,0,255,0,0,0,0,0,0,214,0,0,214,0,0,214,0,0,255,0,255,255,0,255,255,0,176,214,0,0,214,0,0,214,0,0,0,0,0,214,0,0,255,0,255,255,0,255,255,0,174,0,0,0,214,0,0,0,0,0,0,0,0,255,0,255,214,0,0,214,0,0,255,0,255,0,0,0,0,0,0
214,0,0,214,0,0,214,0,0,214,0,0,214,0,0,214,0,0,214,0,0,214,0,0,214,0,0,214,0,0,230,0,255,7,0,255,7,0,255,7,0,255,7,0,255,7,0,255,7,0,255,7,0,255,7,0,255,7,0,255,0,0,0,214,0,0,214,0,0,214,0,0,214,0,0,214,0,0,214,0,0,214,0,0,214,0,0,214,0,0,0,0,0,0,0,0,7,0,255,214,0,0,214,0,0,7,0,255,0,0,0,0,0,0,214,0,0,0,0,0,0,0,0,255,0,255,255,0,255,0,0,0,0,0,0,214,0,0,214,0,0,0,0,0,0,0,0,255,0,255,255,0,255,214,0,0,0,0,0,214,0,0,0,0,0,0,0,0,255,0,255,214,0,0,214,0,0,255,0,255,0,0,0,0,0,0
214,0,0,214,0,0,214,0,0,214,0,0,214,0,0,214,0,0,214,0,0,214,0,0,255,0,62,255,0,255,255,0,255,255,0,255,7,0,255,7,0,255,7,0,255,7,0,255,7,0,255,7,0,255,7,0,255,247,0,255,255,0,255,255,0,60,214,0,0,214,0,0,214,0,0,214,0,0,214,0,0,214,0,0,214,0,0,214,0,0,0,0,0,0,0,0,7,0,255,214,0,0,214,0,0,88,0,255,0,0,0,0,0,0,214,0,0,0,0,0,0,0,0,255,0,255,255,0,255,0,0,0,0,0,0,214,0,0,0,0,0,0,0,0,0,0,0,255,0,255,255,0,255,0,0,0,0,0,0,0,0,0,0,0,0,0,0,0,255,0,255,214,0,0,214,0,0,255,0,255,0,0,0,0,0,0
214,0,0,214,0,0,214,0,0,214,0,0,214,0,0,214,0,0,214,0,0,255,0,255,255,0,255,255,0,255,255,0,255,255,0,255,255,0,255,252,0,255,7,0,255,7,0,255,7,0,255,7,0,255,255,0,255,255,0,255,255,0,255,255,0,255,255,0,255,214,0,0,214,0,0,214,0,0,214,0,0,214,0,0,214,0,0,214,0,0,0,0,0,0,0,0,255,0,255,255,0,255,252,0,52,255,0,255,0,0,0,0,0,0,214,0,0,0,0,0,0,0,0,255,0,255,255,0,255,0,0,0,0,0,0,214,0,0,0,0,0,0,0,0,0,0,0,255,0,255,255,0,255,0,0,0,0,0,0,0,0,0,0,0,0,214,0,0,255,0,255,255,0,255,252,0,53,255,0,255,214,0,0,0,0,0
214,0,0,214,0,0,214,0,0,214,0,0,214,0,0,214,0,0,255,0,255,255,0,255,255,0,255,255,0,255,255,0,255,255,0,255,255,0,255,255,0,255,255,0,255,255,0,255,255,0,255,255,0,255,255,0,255,255,0,255,255,0,255,255,0,255,255,0,255,255,0,255,214,0,0,214,0,0,214,0,0,214,0,0,214,0,0,214,0,0,0,0,0,0,0,0,255,0,255,255,0,255,255,0,255,255,0,255,0,0,0,0,0,0,214,0,0,0,0,0,0,0,0,255,0,255,255,0,255,0,0,0,0,0,0,214,0,0,0,0,0,0,0,0,0,0,0,255,0,255,255,0,255,0,0,0,0,0,0,0,0,0,0,0,0,214,0,0,255,0,255,255,0,255,255,0,255,255,0,255,214,0,0,0,0,0
214,0,0,214,0,0,214,0,0,214,0,0,214,0,0,255,0,255,255,0,255,255,0,255,255,0,255,255,0,255,255,0,255,255,0,255,255,0,255,255,0,255,255,0,255,255,0,255,255,0,255,255,0,255,255,0,255,255,0,255,255,0,255,255,0,255,255,0,255,255,0,255,255,0,255,214,0,0,214,0,0,214,0,0,214,0,0,214,0,0,0,0,0,0,0,0,255,0,255,255,0,255,255,0,255,255,0,255,0,0,0,0,0,0,214,0,0,0,0,0,0,0,0,255,0,255,255,0,255,0,0,0,0,0,0,214,0,0,0,0,0,0,0,0,0,0,0,255,0,255,255,0,255,0,0,0,0,0,0,0,0,0,0,0,0,214,0,0,255,0,255,255,0,255,255,0,255,255,0,255,214,0,0,0,0,0
214,0,0,214,0,0,214,0,0,214,0,0,255,0,255,255,0,255,255,0,255,255,0,255,255,0,255,255,0,255,255,0,255,255,0,255,255,0,255,255,0,255,214,0,0,214,0,0,255,0,255,255,0,255,255,0,255,255,0,255,255,0,255,255,0,255,255,0,255,255,0,255,255,0,255,255,0,255,214,0,0,214,0,0,214,0,0,214,0,0,0,0,0,0,0,0,214,0,0,255,0,255,255,0,255,214,0,0,0,0,0,0,0,0,0,0,0,0,0,0,0,0,0,214,0,0,214,0,0,0,0,0,0,0,0,0,0,0,0,0,0,0,0,0,0,0,0,214,0,0,214,0,0,0,0,0,0,0,0,0,0,0,0,0,0,214,0,0,214,0,0,255,0,255,255,0,255,214,0,0,214,0,0,0,0,0
214,0,0,214,0,0,255,0,252,255,0,255,255,0,255,255,0,255,255,0,255,255,0,255,255,0,255,255,0,255,255,0,255,255,0,255,255,0,255,214,0,0,214,0,0,214,0,0,210,0,0,255,0,255,255,0,255,255,0,255,255,0,255,255,0,255,255,0,255,255,0,255,255,0,255,255,0,255,255,0,255,255,0,252,214,0,0,214,0,0,0,0,0,74,0,0,214,0,0,255,0,255,255,0,255,214,0,0,214,0,0,0,0,0,0,0,0,0,0,0,0,0,0,214,0,0,214,0,0,0,0,0,0,0,0,0,0,0,0,0,0,0,0,0,0,0,0,214,0,0,214,0,0,0,0,0,0,0,0,0,0,0,0,0,0,214,0,0,214,0,0,255,0,255,11,0,255,214,0,0,214,0,0,0,0,0
214,0,0,255,0,255,255,0,255,255,0,255,255,0,255,255,0,255,255,0,255,255,0,255,255,0,255,255,0,255,255,0,255,255,0,255,214,0,0,214,0,0,214,0,0,214,0,0,210,0,0,214,0,0,255,0,255,255,0,255,255,0,255,255,0,255,255,0,255,255,0,255,255,0,255,255,0,255,255,0,255,255,0,255,255,0,255,214,0,0,0,0,0,214,0,0,214,0,0,255,0,255,255,0,255,214,0,0,214,0,0,0,0,0,0,0,0,0,0,0,0,0,0,214,0,0,214,0,0,0,0,0,0,0,0,0,0,0,0,0,0,0,0,0,0,0,0,214,0,0,214,0,0,0,0,0,0,0,0,0,0,0,214,0,0,214,0,0,214,0,0,7,0,255,7,0,255,214,0,0,214,0,0,214,0,0
255,0,255,255,0,255,255,0,255,255,0,255,255,0,255,255,0,255,255,0,255,255,0,255,255,0,255,255,0,255,214,0,0,214,0,0,214,0,0,214,0,0,214,0,0,214,0,0,210,0,0,214,0,0,214,0,0,214,0,0,255,0,255,255,0,255,255,0,255,255,0,255,255,0,255,255,0,255,255,0,255,255,0,255,255,0,255,255,0,255,0,0,0,214,0,0,214,0,0,255,0,255,255,0,255,214,0,0,214,0,0,0,0,0,0,0,0,0,0,0,0,0,0,214,0,0,214,0,0,0,0,0,0,0,0,0,0,0,0,0,0,0,0,0,0,0,0,214,0,0,214,0,0,0,0,0,0,0,0,0,0,0,214,0,0,214,0,0,214,0,0,7,0,255,7,0,255,214,0,0,214,0,0,214,0,0
255,0,255,255,0,255,255,0,255,83,0,255,255,0,255,255,0,255,255,0,255,255,0,255,255,0,255,255,0,255,214,0,0,214,0,0,214,0,0,214,0,0,214,0,0,214,0,0,210,0,0,214,0,0,214,0,0,214,0,0,255,0,255,255,0,255,255,0,255,255,0,255,255,0,255,255,0,255,255,0,255,255,0,255,255,0,255,255,0,255,0,0,0,214,0,0,214,0,0,255,0,255,255,0,255,214,0,0,214,0,0,0,0,0,0,0,0,0,0,0,0,0,0,172,0,0,214,0,0,0,0,0,0,0,0,0,0,0,0,0,0,0,0,0,0,0,0,214,0,0,214,0,0,0,0,0,0,0,0,0,0,0,214,0,0,214,0,0,214,0,0,7,0,255,7,0,255,214,0,0,214,0,0,214,0,0
255,0,255,255,0,255,255,0,255,7,0,255,7,0,255,7,0,255,255,0,255,255,0,190,214,0,0,214,0,0,214,0,0,214,0,0,214,0,0,214,0,0,214,0,0,214,0,0,210,0,0,214,0,0,214,0,0,214,0,0,214,0,0,214,0,0,255,0,192,255,0,255,255,0,255,255,0,255,7,0,255,7,0,255,7,0,255,255,0,255,0,0,0,214,0,0,214,0,0,0,0,0,7,0,255,214,0,0,214,0,0,214,0,0,0,0,0,0,0,0,0,0,0,0,0,0,0,0,0,0,0,0,0,0,0,0,0,0,0,0,0,0,0,0,0,0,0,0,0,0,214,0,0,0,0,0,0,0,0,0,0,0,214,0,0,214,0,0,214,0,0,0,0,0,7,0,255,89,0,0,214,0,0,214,0,0
255,0,255,255,0,255,7,0,255,7,0,255,7,0,255,7,0,255,0,0,0,19,0,0,214,0,0,214,0,0,214,0,0,214,0,0,214,0,0,214,0,0,214,0,0,214,0,0,210,0,0,214,0,0,214,0,0,214,0,0,214,0,0,214,0,0,214,0,0,214,0,0,7,0,255,7,0,255,7,0,255,7,0,255,7,0,255,255,0,255,214,0,0,214,0,0,214,0,0,0,0,0,0,0,0,214,0,0,214,0,0,214,0,0,0,0,0,0,0,0,0,0,0,0,0,0,0,0,0,0,0,0,0,0,0,0,0,0,0,0,0,0,0,0,0,0,0,0,0,0,0,0,0,0,0,0,0,0,0,0,0,0,214,0,0,214,0,0,0,0,0,0,0,0,0,0,0,0,0,0,214,0,0,214,0,0
255,0,255,255,0,255,7,0,255,7,0,255,7,0,255,0,0,0,0,0,0,0,0,0,0,0,0,214,0,0,214,0,0,214,0,0,214,0,0,214,0,0,214,0,0,214,0,0,210,0,0,214,0,0,214,0,0,214,0,0,214,0,0,214,0,0,0,0,0,0,0,0,0,0,0,7,0,255,7,0,255,7,0,255,7,0,255,7,0,255,214,0,0,214,0,0,214,0,0,0,0,0,0,0,0,214,0,0,214,0,0,214,0,0,0,0,0,0,0,0,0,0,0,0,0,0,0,0,0,0,0,0,0,0,0,0,0,0,0,0,0,0,0,0,0,0,0,0,0,0,0,0,0,0,0,0,0,0,0,0,0,0,214,0,0,214,0,0,0,0,0,0,0,0,0,0,0,0,0,0,214,0,0,214,0,0
255,0,255,75,0,255,7,0,255,0,0,0,0,0,0,0,0,0,0,0,0,0,0,0,0,0,0,0,0,0,0,0,0,214,0,0,214,0,0,214,0,0,214,0,0,214,0,0,210,0,0,214,0,0,214,0,0,214,0,0,214,0,0,0,0,0,0,0,0,0,0,0,0,0,0,0,0,0,0,0,0,7,0,255,7,0,255,7,0,255,214,0,0,214,0,0,214,0,0,0,0,0,0,0,0,214,0,0,214,0,0,214,0,0,0,0,0,0,0,0,0,0,0,0,0,0,0,0,0,0,0,0,0,0,0,0,0,0,0,0,0,0,0,0,0,0,0,0,0,0,0,0,0,0,0,0,0,0,0,0,0,0,214,0,0,214,0,0,0,0,0,0,0,0,0,0,0,0,0,0,214,0,0,214,0,0
255,0,255,7,0,255,7,0,255,0,0,0,0,0,0,0,0,0,0,0,0,0,0,0,0,0,0,0,0,0,0,0,0,39,0,0,214,0,0,214,0,0,214,0,0,214,0,0,210,0,0,214,0,0,214,0,0,214,0,0,0,0,0,0,0,0,0,0,0,0,0,0,0,0,0,0,0,0,0,0,0,7,0,255,7,0,255,7,0,255,214,0,0,214,0,0,214,0,0,0,0,0,0,0,0,214,0,0,214,0,0,214,0,0,0,0,0,0,0,0,0,0,0,0,0,0,0,0,0,0,0,0,0,0,0,0,0,0,0,0,0,0,0,0,0,0,0,0,0,0,0,0,0,0,0,0,0,0,0,0,0,0,214,0,0,214,0,0,0,0,0,0,0,0,0,0,0,0,0,0,214,0,0,214,0,0
214,0,0,0,0,0,0,0,0,0,0,0,0,0,0,0,0,0,0,0,0,0,0,0,0,0,0,0,0,0,0,0,0,0,0,0,0,0,0,214,0,0,214,0,0,214,0,0,210,0,0,214,0,0,0,0,0,0,0,0,0,0,0,0,0,0,0,0,0,0,0,0,0,0,0,0,0,0,0,0,0,0,0,0,0,0,0,0,0,0,214,0,0,214,0,0,0,0,0,0,0,0,0,0,0,0,0,0,214,0,0,214,0,0,0,0,0,0,0,0,0,0,0,0,0,0,0,0,0,0,0,0,0,0,0,0,0,0,0,0,0,0,0,0,0,0,0,0,0,0,0,0,0,0,0,0,0,0,0,0,0,0,214,0,0,40,0,0,0,0,0,0,0,0,0,0,0,0,0,0,0,0,0,214,0,0
0,0,0,0,0,0,0,0,0,0,0,0,0,0,0,0,0,0,0,0,0,0,0,0,0,0,0,0,0,0,0,0,0,0,0,0,0,0,0,0,0,0,0,0,0,0,0,0,0,0,0,0,0,0,0,0,0,0,0,0,0,0,0,0,0,0,0,0,0,0,0,0,0,0,0,0,0,0,0,0,0,0,0,0,0,0,0,0,0,0,214,0,0,214,0,0,0,0,0,0,0,0,0,0,0,0,0,0,214,0,0,214,0,0,0,0,0,0,0,0,0,0,0,0,0,0,0,0,0,0,0,0,0,0,0,0,0,0,0,0,0,0,0,0,0,0,0,0,0,0,0,0,0,0,0,0,0,0,0,0,0,0,214,0,0,0,0,0,0,0,0,0,0,0,0,0,0,0,0,0,0,0,0,214,0,0
0,0,0,0,0,0,0,0,0,0,0,0,0,0,0,0,0,0,0,0,0,0,0,0,0,0,0,0,0,0,0,0,0,0,0,0,0,0,0,0,0,0,0,0,0,0,0,0,0,0,0,0,0,0,0,0,0,0,0,0,0,0,0,0,0,0,0,0,0,0,0,0,0,0,0,0,0,0,0,0,0,0,0,0,0,0,0,0,0,0,214,0,0,214,0,0,0,0,0,0,0,0,0,0,0,0,0,0,214,0,0,214,0,0,0,0,0,0,0,0,0,0,0,0,0,0,0,0,0,0,0,0,0,0,0,0,0,0,0,0,0,0,0,0,0,0,0,0,0,0,0,0,0,0,0,0,0,0,0,0,0,0,214,0,0,0,0,0,0,0,0,0,0,0,0,0,0,0,0,0,0,0,0,214,0,0
0,0,0,0,0,0,0,0,0,0,0,0,0,0,0,0,0,0,0,0,0,0,0,0,0,0,0,0,0,0,0,0,0,0,0,0,0,0,0,0,0,0,0,0,0,0,0,0,0,0,0,0,0,0,0,0,0,0,0,0,0,0,0,0,0,0,0,0,0,0,0,0,0,0,0,0,0,0,0,0,0,0,0,0,0,0,0,0,0,0,214,0,0,214,0,0,0,0,0,0,0,0,0,0,0,0,0,0,214,0,0,214,0,0,0,0,0,0,0,0,0,0,0,0,0,0,0,0,0,0,0,0,0,0,0,0,0,0,0,0,0,0,0,0,0,0,0,0,0,0,0,0,0,0,0,0,0,0,0,0,0,0,214,0,0,0,0,0,0,0,0,0,0,0,0,0,0,0,0,0,0,0,0,214,0,0
0,0,0,0,0,0,0,0,0,0,0,0,0,0,0,0,0,0,0,0,0,0,0,0,0,0,0,0,0,0,0,0,0,0,0,0,0,0,0,0,0,0,0,0,0,0,0,0,0,0,0,0,0,0,0,0,0,0,0,0,0,0,0,0,0,0,0,0,0,0,0,0,0,0,0,0,0,0,0,0,0,0,0,0,0,0,0,0,0,0,214,0,0,0,0,0,0,0,0,0,0,0,0,0,0,0,0,0,0,0,0,214,0,0,7,0,255,0,0,0,0,0,0,0,0,0,0,0,0,0,0,0,0,0,0,7,0,255,7,0,255,0,0,0,0,0,0,0,0,0,0,0,0,0,0,0,0,0,0,7,0,255,214,0,0,0,0,0,0,0,0,0,0,0,0,0,0,0,0,0,0,0,0,1,0,0
0,0,0,0,0,0,0,0,0,0,0,0,0,0,0,0,0,0,0,0,0,0,0,0,0,0,0,0,0,0,0,0,0,0,0,0,0,0,0,0,0,0,0,0,0,0,0,0,0,0,0,0,0,0,0,0,0,0,0,0,0,0,0,0,0,0,0,0,0,0,0,0,0,0,0,0,0,0,0,0,0,0,0,0,0,0,0,0,0,0,214,0,0,0,0,0,0,0,0,0,0,0,0,0,0,0,0,0,0,0,0,214,0,0,7,0,255,0,0,0,0,0,0,0,0,0,0,0,0,0,0,0,0,0,0,7,0,255,7,0,255,0,0,0,0,0,0,0,0,0,0,0,0,0,0,0,0,0,0,7,0,255,0,0,0,0,0,0,0,0,0,0,0,0,0,0,0,0,0,0,0,0,0,0,0,0
0,0,0,0,0,0,0,0,0,0,0,0,0,0,0,0,0,0,0,0,0,0,0,0,0,0,0,0,0,0,0,0,0,0,0,0,0,0,0,0,0,0,0,0,0,0,0,0,0,0,0,0,0,0,0,0,0,0,0,0,0,0,0,0,0,0,0,0,0,0,0,0,0,0,0,0,0,0,0,0,0,0,0,0,0,0,0,0,0,0,214,0,0,0,0,0,0,0,0,0,0,0,0,0,0,0,0,0,0,0,0,214,0,0,7,0,255,0,0,0,0,0,0,0,0,0,0,0,0,0,0,0,0,0,0,7,0,255,7,0,255,0,0,0,0,0,0,0,0,0,0,0,0,0,0,0,0,0,0,7,0,255,0,0,0,0,0,0,0,0,0,0,0,0,0,0,0,0,0,0,0,0,0,0,0,0
0,0,0,0,0,0,0,0,0,0,0,0,0,0,0,0,0,0,0,0,0,0,0,0,0,0,0,0,0,0,0,0,0,0,0,0,0,0,0,0,0,0,0,0,0,0,0,0,0,0,0,0,0,0,0,0,0,0,0,0,0,0,0,0,0,0,0,0,0,0,0,0,0,0,0,0,0,0,0,0,0,0,0,0,0,0,0,0,0,0,214,0,0,0,0,0,0,0,0,0,0,0,0,0,0,0,0,0,0,0,0,214,0,0,7,0,255,0,0,0,0,0,0,0,0,0,0,0,0,0,0,0,0,0,0,7,0,255,7,0,255,0,0,0,0,0,0,0,0,0,0,0,0,0,0,0,0,0,0,7,0,255,0,0,0,0,0,0,0,0,0,0,0,0,0,0,0,0,0,0,0,0,0,0,0,0
0,0,0,0,0,0,0,0,0,0,0,0,0,0,0,0,0,0,0,0,0,0,0,0,0,0,0,0,0,0,0,0,0,0,0,0,0,0,0,0,0,0,0,0,0,0,0,0,0,0,0,0,0,0,0,0,0,0,0,0,0,0,0,0,0,0,0,0,0,0,0,0,0,0,0,0,0,0,0,0,0,0,0,0,0,0,0,0,0,0,214,0,0,0,0,0,0,0,0,0,0,0,0,0,0,0,0,0,0,0,0,0,0,0,7,0,255,0,0,0,0,0,0,0,0,0,0,0,0,0,0,0,0,0,0,7,0,255,7,0,255,0,0,0,0,0,0,0,0,0,0,0,0,0,0,0,0,0,0,7,0,255,0,0,0,0,0,0,0,0,0,0,0,0,0,0,0,0,0,0,0,0,0,0,0,0
0,0,0,0,0,0,0,0,0,0,0,0,0,0,0,0,0,0,0,0,0,0,0,0,0,0,0,0,0,0,0,0,0,0,0,0,0,0,0,0,0,0,0,0,0,0,0,0,0,0,0,0,0,0,0,0,0,0,0,0,0,0,0,0,0,0,0,0,0,0,0,0,0,0,0,0,0,0,0,0,0,0,0,0,0,0,0,0,0,0,214,0,0,0,0,0,0,0,0,0,0,0,0,0,0,0,0,0,0,0,0,214,0,0,7,0,255,0,0,0,0,0,0,0,0,0,0,0,0,0,0,0,0,0,0,7,0,255,7,0,255,0,0,0,0,0,0,0,0,0,0,0,0,0,0,0,0,0,0,7,0,255,8,0,0,0,0,0,0,0,0,0,0,0,0,0,0,0,0,0,0,0,0,0,0,0
0,0,0,0,0,0,0,0,0,0,0,0,0,0,0,0,0,0,0,0,0,0,0,0,0,0,0,0,0,0,0,0,0,0,0,0,0,0,0,0,0,0,0,0,0,0,0,0,0,0,0,0,0,0,0,0,0,0,0,0,0,0,0,0,0,0,0,0,0,0,0,0,0,0,0,0,0,0,0,0,0,0,0,0,0,0,0,0,0,0,255,0,255,0,0,0,0,0,0,0,0,0,0,0,0,0,0,0,0,0,0,255,0,255,7,0,255,7,0,255,0,0,0,0,0,0,0,0,0,0,0,0,7,0,255,7,0,255,7,0,255,7,0,255,0,0,0,0,0,0,0,0,0,0,0,0,7,0,255,7,0,255,255,0,255,0,0,0,0,0,0,0,0,0,0,0,0,0,0,0,0,0,0,255,0,255
0,0,0,0,0,0,0,0,0,0,0,0,0,0,0,0,0,0,0,0,0,0,0,0,0,0,0,0,0,0,0,0,0,0,0,0,0,0,0,0,0,0,0,0,0,0,0,0,0,0,0,0,0,0,0,0,0,0,0,0,0,0,0,0,0,0,0,0,0,0,0,0,0,0,0,0,0,0,0,0,0,0,0,0,0,0,0,0,0,0,255,0,255,0,0,0,0,0,0,0,0,0,0,0,0,0,0,0,0,0,0,255,0,255,7,0,255,7,0,255,0,0,0,0,0,0,0,0,0,0,0,0,7,0,255,7,0,255,7,0,255,7,0,255,0,0,0,0,0,0,0,0,0,0,0,0,7,0,255,7,0,255,255,0,255,0,0,0,0,0,0,0,0,0,0,0,0,0,0,0,0,0,0,255,0,255
0,0,0,0,0,0,0,0,0,0,0,0,0,0,0,0,0,0,0,0,0,0,0,0,0,0,0,0,0,0,0,0,0,0,0,0,0,0,0,0,0,0,0,0,0,0,0,0,0,0,0,0,0,0,0,0,0,0,0,0,0,0,0,0,0,0,0,0,0,0,0,0,0,0,0,0,0,0,0,0,0,0,0,0,0,0,0,0,0,0,255,0,255,0,0,0,0,0,0,0,0,0,0,0,0,0,0,0,0,0,0,255,0,255,0,0,0,7,0,255,0,0,0,0,0,0,0,0,0,0,0,0,7,0,255,0,0,0,0,0,0,7,0,255,0,0,0,0,0,0,0,0,0,0,0,0,7,0,255,0,0,0,255,0,255,0,0,0,0,0,0,0,0,0,0,0,0,0,0,0,0,0,0,255,0,255
0,0,0,0,0,0,0,0,0,0,0,0,0,0,0,0,0,0,0,0,0,0,0,0,0,0,0,0,0,0,0,0,0,0,0,0,0,0,0,0,0,0,0,0,0,0,0,0,0,0,0,0,0,0,0,0,0,0,0,0,0,0,0,0,0,0,0,0,0,0,0,0,0,0,0,0,0,0,0,0,0,0,0,0,0,0,0,0,0,0,255,0,255,0,0,0,0,0,0,0,0,0,0,0,0,0,0,0,0,0,0,255,0,255,214,0,0,7,0,255,0,0,0,0,0,0,0,0,0,0,0,0,7,0,255,0,0,0,0,0,0,7,0,255,0,0,0,0,0,0,0,0,0,0,0,0,7,0,255,0,0,0,255,0,255,0,0,0,0,0,0,0,0,0,0,0,0,0,0,0,0,0,0,255,0,255
0,0,0,0,0,0,0,0,0,0,0,0,0,0,0,0,0,0,0,0,0,0,0,0,0,0,0,0,0,0,0,0,0,0,0,0,0,0,0,0,0,0,0,0,0,0,0,0,0,0,0,0,0,0,0,0,0,0,0,0,0,0,0,0,0,0,0,0,0,0,0,0,0,0,0,0,0,0,0,0,0,0,0,0,0,0,0,0,0,0,255,0,255,0,0,0,0,0,0,0,0,0,0,0,0,0,0,0,0,0,0,255,0,255,214,0,0,7,0,255,0,0,0,0,0,0,0,0,0,0,0,0,7,0,255,214,0,0,214,0,0,7,0,255,0,0,0,0,0,0,0,0,0,0,0,0,7,0,255,214,0,0,255,0,255,0,0,0,0,0,0,0,0,0,0,0,0,0,0,0,0,0,0,255,0,255
0,0,0,0,0,0,0,0,0,0,0,0,0,0,0,0,0,0,0,0,0,0,0,0,0,0,0,0,0,0,0,0,0,0,0,0,0,0,0,0,0,0,0,0,0,0,0,0,0,0,0,0,0,0,0,0,0,0,0,0,0,0,0,0,0,0,0,0,0,0,0,0,0,0,0,0,0,0,0,0,0,0,0,0,0,0,0,0,0,0,255,0,255,7,0,255,0,0,0,0,0,0,0,0,0,0,0,0,1,0,41,255,0,255,214,0,0,7,0,255,7,0,255,0,0,0,0,0,0,0,0,0,7,0,255,214,0,0,214,0,0,7,0,255,7,0,255,0,0,0,0,0,0,0,0,0,7,0,255,214,0,0,255,0,255,7,0,255,0,0,0,0,0,0,0,0,0,0,0,0,1,0,43,255,0,255
0,0,0,0,0,0,0,0,0,0,0,0,0,0,0,0,0,0,0,0,0,0,0,0,0,0,0,0,0,0,0,0,0,0,0,0,0,0,0,0,0,0,0,0,0,0,0,0,0,0,0,0,0,0,0,0,0,0,0,0,0,0,0,0,0,0,0,0,0,0,0,0,0,0,0,0,0,0,0,0,0,0,0,0,0,0,0,0,0,0,255,0,255,7,0,255,0,0,0,0,0,0,0,0,0,0,0,0,7,0,255,255,0,255,214,0,0,7,0,255,7,0,255,0,0,0,0,0,0,7,0,255,7,0,255,214,0,0,214,0,0,7,0,255,7,0,255,0,0,0,0,0,0,7,0,255,7,0,255,214,0,0,255,0,255,7,0,255,0,0,0,0,0,0,0,0,0,0,0,0,7,0,255,255,0,255
0,0,0,0,0,0,0,0,0,0,0,0,0,0,0,0,0,0,0,0,0,0,0,0,0,0,0,0,0,0,0,0,0,0,0,0,0,0,0,214,0,0,214,0,0,214,0,0,214,0,0,214,0,0,0,0,0,0,0,0,0,0,0,0,0,0,0,0,0,0,0,0,0,0,0,0,0,0,0,0,0,0,0,0,0,0,0,0,0,0,214,0,0,18,0,255,0,0,0,0,0,0,0,0,0,0,0,0,7,0,255,255,0,186,214,0,0,0,0,0,7,0,255,0,0,0,0,0,0,7,0,255,7,0,255,214,0,0,214,0,0,0,0,0,7,0,255,0,0,0,0,0,0,7,0,255,7,0,255,214,0,0,214,0,0,7,0,255,0,0,0,0,0,0,0,0,0,0,0,0,7,0,255,255,0,182
0,0,0,0,0,0,0,0,0,0,0,0,0,0,0,0,0,0,0,0,0,0,0,0,0,0,0,0,0,0,0,0,0,0,0,0,0,0,0,214,0,0,214,0,0,214,0,0,214,0,0,214,0,0,0,0,0,0,0,0,0,0,0,0,0,0,0,0,0,0,0,0,0,0,0,0,0,0,0,0,0,0,0,0,0,0,0,0,0,0,214,0,0,255,0,255,0,0,0,0,0,0,0,0,0,0,0,0,7,0,255,214,0,0,214,0,0,0,0,0,7,0,255,0,0,0,0,0,0,7,0,255,0,0,0,214,0,0,214,0,0,0,0,0,7,0,255,0,0,0,0,0,0,7,0,255,0,0,0,214,0,0,214,0,0,7,0,255,0,0,0,0,0,0,0,0,0,0,0,0,7,0,255,214,0,0
0,0,0,0,0,0,0,0,0,0,0,0,0,0,0,0,0,0,0,0,0,0,0,0,0,0,0,0,0,0,0,0,0,0,0,0,0,0,0,214,0,0,214,0,0,214,0,0,214,0,0,214,0,0,214,0,0,0,0,0,0,0,0,0,0,0,0,0,0,0,0,0,0,0,0,0,0,0,0,0,0,0,0,0,0,0,0,0,0,0,214,0,0,255,0,255,0,0,0,0,0,0,0,0,0,0,0,0,255,0,255,214,0,0,214,0,0,0,0,0,7,0,255,0,0,0,0,0,0,7,0,255,0,0,0,214,0,0,214,0,0,0,0,0,7,0,255,0,0,0,0,0,0,7,0,255,0,0,0,214,0,0,214,0,0,255,0,255,0,0,0,0,0,0,0,0,0,0,0,0,255,0,255,214,0,0
0,0,0,0,0,0,0,0,0,0,0,0,0,0,0,0,0,0,0,0,0,0,0,0,0,0,0,0,0,0,0,0,0,0,0,0,214,0,0,214,0,0,214,0,0,214,0,0,214,0,0,214,0,0,214,0,0,0,0,0,0,0,0,0,0,0,0,0,0,0,0,0,0,0,0,0,0,0,0,0,0,0,0,0,0,0,0,0,0,0,41,0,0,255,0,255,0,0,0,0,0,0,0,0,0,0,0,0,255,0,255,214,0,0,214,0,0,0,0,0,7,0,255,0,0,0,0,0,0,7,0,255,0,0,0,214,0,0,214,0,0,0,0,0,7,0,255,0,0,0,0,0,0,7,0,255,0,0,0,214,0,0,214,0,0,255,0,255,0,0,0,0,0,0,0,0,0,0,0,0,255,0,255,214,0,0
0,0,0,0,0,0,0,0,0,0,0,0,0,0,0,0,0,0,0,0,0,0,0,0,0,0,0,0,0,0,0,0,0,0,0,0,214,0,0,214,0,0,214,0,0,214,0,0,214,0,0,214,0,0,214,0,0,214,0,0,0,0,0,0,0,0,0,0,0,0,0,0,0,0,0,0,0,0,0,0,0,0,0,0,0,0,0,0,0,0,0,0,0,255,0,255,7,0,255,0,0,0,0,0,0,7,0,255,255,0,255,0,0,0,214,0,0,0,0,0,7,0,255,7,0,255,1,0,46,7,0,255,0,0,0,214,0,0,214,0,0,0,0,0,7,0,255,255,0,255,252,0,53,7,0,255,0,0,0,214,0,0,10,0,0,255,0,255,7,0,255,0,0,0,0,0,0,7,0,255,255,0,255,214,0,0
0,0,0,0,0,0,0,0,0,0,0,0,0,0,0,0,0,0,0,0,0,0,0,0,0,0,0,0,0,0,0,0,0,214,0,0,214,0,0,255,0,255,255,0,255,255,0,255,255,0,255,214,0,0,214,0,0,214,0,0,0,0,0,0,0,0,0,0,0,0,0,0,0,0,0,0,0,0,0,0,0,0,0,0,0,0,0,0,0,0,0,0,0,255,0,255,7,0,255,0,0,0,0,0,0,7,0,255,255,0,255,0,0,0,214,0,0,214,0,0,7,0,255,7,0,255,7,0,255,7,0,255,0,0,0,214,0,0,214,0,0,0,0,0,7,0,255,255,0,255,255,0,255,7,0,255,0,0,0,214,0,0,0,0,0,255,0,255,7,0,255,0,0,0,0,0,0,7,0,255,255,0,255,0,0,0
0,0,0,0,0,0,0,0,0,0,0,0,0,0,0,0,0,0,0,0,0,0,0,0,0,0,0,0,0,0,0,0,0,214,0,0,214,0,0,255,0,255,255,0,255,255,0,255,255,0,255,214,0,0,214,0,0,214,0,0,0,0,0,0,0,0,0,0,0,0,0,0,0,0,0,0,0,0,0,0,0,0,0,0,0,0,0,0,0,0,0,0,0,216,0,0,7,0,255,0,0,0,0,0,0,7,0,255,255,0,255,0,0,0,214,0,0,214,0,0,7,0,255,7,0,255,7,0,255,7,0,255,205,0,0,214,0,0,214,0,0,0,0,0,7,0,255,255,0,255,255,0,255,7,0,255,0,0,0,214,0,0,0,0,0,216,0,0,7,0,255,0,0,0,0,0,0,7,0,255,255,0,255,0,0,0
0,0,0,0,0,0,0,0,0,0,0,0,0,0,0,0,0,0,0,0,0,0,0,0,0,0,0,0,0,0,23,0,1,255,0,255,255,0,255,255,0,255,255,0,255,255,0,255,255,0,255,255,0,255,255,0,255,230,0,2,214,0,0,0,0,0,0,0,0,0,0,0,0,0,0,0,0,0,0,0,0,0,0,0,0,0,0,0,0,0,0,0,0,214,0,0,7,0,255,0,0,0,0,0,0,7,0,255,214,0,0,0,0,0,214,0,0,214,0,0,0,0,0,7,0,255,30,0,255,0,0,0,214,0,0,214,0,0,214,0,0,214,0,0,0,0,0,255,0,255,255,0,255,0,0,0,214,0,0,214,0,0,0,0,0,214,0,0,7,0,255,0,0,0,0,0,0,7,0,255,214,0,0,0,0,0
0,0,0,0,0,0,0,0,0,0,0,0,0,0,0,0,0,0,0,0,0,0,0,0,0,0,0,0,0,0,255,0,255,255,0,255,255,0,255,255,0,255,255,0,255,255,0,255,255,0,255,255,0,255,255,0,255,255,0,255,214,0,0,0,0,0,0,0,0,0,0,0,0,0,0,0,0,0,0,0,0,0,0,0,0,0,0,0,0,0,0,0,0,214,0,0,7,0,255,0,0,0,0,0,0,7,0,255,214,0,0,0,0,0,214,0,0,214,0,0,0,0,0,255,0,255,255,0,255,0,0,0,214,0,0,214,0,0,214,0,0,214,0,0,0,0,0,255,0,255,255,0,255,0,0,0,214,0,0,214,0,0,0,0,0,214,0,0,7,0,255,0,0,0,0,0,0,7,0,255,214,0,0,0,0,0
0,0,0,0,0,0,0,0,0,0,0,0,0,0,0,0,0,0,0,0,0,0,0,0,1,0,53,7,0,255,255,0,255,255,0,255,255,0,255,255,0,255,255,0,255,255,0,255,255,0,255,255,0,255,255,0,255,255,0,255,255,0,255,255,0,60,0,0,0,0,0,0,0,0,0,0,0,0,0,0,0,0,0,0,0,0,0,0,0,0,0,0,0,214,0,0,7,0,255,0,0,0,0,0,0,7,0,255,214,0,0,0,0,0,0,0,0,214,0,0,0,0,0,255,0,255,255,0,255,0,0,0,214,0,0,0,0,0,214,0,0,214,0,0,214,0,0,255,0,255,255,0,255,214,0,0,214,0,0,214,0,0,0,0,0,214,0,0,7,0,255,0,0,0,0,0,0,7,0,255,214,0,0,0,0,0
0,0,0,0,0,0,0,0,0,0,0,0,0,0,0,0,0,0,0,0,0,7,0,255,7,0,255,250,0,255,255,0,255,255,0,255,255,0,255,255,0,255,255,0,255,255,0,255,7,0,255,255,0,255,255,0,255,255,0,255,255,0,255,255,0,255,7,0,255,0,0,0,0,0,0,0,0,0,0,0,0,0,0,0,0,0,0,0,0,0,0,0,0,214,0,0,87,0,255,7,0,255,1,0,45,7,0,255,214,0,0,0,0,0,0,0,0,214,0,0,0,0,0,255,0,255,255,0,255,0,0,0,214,0,0,0,0,0,0,0,0,214,0,0,214,0,0,255,0,255,255,0,255,214,0,0,214,0,0,0,0,0,0,0,0,214,0,0,7,0,255,7,0,255,1,0,48,7,0,255,214,0,0,0,0,0
0,0,0,0,0,0,0,0,0,0,0,0,0,0,0,0,0,0,7,0,255,7,0,255,7,0,255,255,0,255,255,0,255,255,0,255,255,0,255,255,0,255,7,0,255,7,0,255,7,0,255,255,0,255,255,0,255,255,0,255,255,0,255,255,0,255,98,0,255,7,0,255,0,0,0,0,0,0,0,0,0,0,0,0,0,0,0,0,0,0,0,0,0,214,0,0,255,0,255,7,0,255,7,0,255,255,0,255,214,0,0,0,0,0,0,0,0,214,0,0,0,0,0,255,0,255,255,0,255,0,0,0,214,0,0,0,0,0,0,0,0,214,0,0,214,0,0,255,0,255,255,0,255,214,0,0,214,0,0,0,0,0,0,0,0,214,0,0,99,0,255,7,0,255,7,0,255,7,0,255,214,0,0,0,0,0
0,0,0,0,0,0,0,0,0,0,0,0,7,0,250,7,0,255,7,0,255,7,0,255,7,0,255,255,0,255,255,0,255,255,0,255,255,0,255,255,0,255,7,0,255,7,0,255,7,0,255,7,0,255,255,0,255,255,0,255,255,0,255,255,0,255,255,0,255,7,0,255,7,0,255,7,0,245,0,0,0,0,0,0,0,0,0,0,0,0,0,0,0,214,0,0,214,0,0,7,0,255,7,0,255,255,0,176,214,0,0,0,0,0,0,0,0,214,0,0,24,0,0,214,0,0,255,0,255,214,0,0,214,0,0,0,0,0,0,0,0,214,0,0,214,0,0,214,0,0,255,0,255,214,0,0,214,0,0,0,0,0,0,0,0,214,0,0,214,0,0,7,0,255,7,0,255,255,0,174,214,0,0,0,0,0
0,0,0,0,0,0,0,0,0,7,0,255,7,0,255,7,0,255,7,0,255,7,0,255,255,0,255,255,0,255,255,0,255,255,0,255,255,0,255,7,0,255,0,0,0,0,0,0,7,0,255,7,0,255,255,0,255,255,0,255,255,0,255,255,0,255,255,0,255,7,0,255,7,0,255,7,0,255,7,0,255,0,0,0,0,0,0,0,0,0,0,0,0,2,0,0,214,0,0,7,0,255,7,0,255,214,0,0,214,0,0,0,0,0,0,0,0,214,0,0,214,0,0,214,0,0,214,0,0,214,0,0,214,0,0,0,0,0,0,0,0,214,0,0,214,0,0,214,0,0,214,0,0,214,0,0,214,0,0,0,0,0,0,0,0,214,0,0,214,0,0,7,0,255,7,0,255,214,0,0,214,0,0,0,0,0
0,0,0,0,0,0,7,0,255,7,0,255,7,0,255,7,0,255,7,0,255,7,0,255,255,0,255,255,0,255,255,0,255,255,0,255,214,0,0,0,0,0,0,0,0,0,0,0,0,0,0,0,0,0,7,0,255,255,0,255,255,0,255,255,0,255,255,0,255,255,0,255,7,0,255,7,0,255,7,0,255,7,0,255,0,0,0,0,0,0,0,0,0,0,0,0,214,0,0,7,0,255,7,0,255,214,0,0,0,0,0,0,0,0,0,0,0,214,0,0,214,0,0,214,0,0,214,0,0,214,0,0,214,0,0,0,0,0,0,0,0,214,0,0,214,0,0,214,0,0,214,0,0,214,0,0,214,0,0,0,0,0,0,0,0,0,0,0,214,0,0,7,0,255,7,0,255,214,0,0,214,0,0,0,0,0
7,0,255,7,0,255,7,0,255,7,0,255,7,0,255,7,0,255,7,0,255,255,0,255,255,0,255,255,0,255,255,0,255,214,0,0,1,0,0,0,0,0,0,0,0,0,0,0,0,0,0,0,0,0,0,0,0,255,0,255,255,0,255,255,0,255,255,0,255,255,0,255,7,0,255,7,0,255,7,0,255,7,0,255,7,0,255,7,0,255,0,0,0,0,0,0,214,0,0,7,0,255,7,0,255,214,0,0,0,0,0,0,0,0,0,0,0,214,0,0,214,0,0,214,0,0,214,0,0,214,0,0,214,0,0,0,0,0,0,0,0,214,0,0,214,0,0,214,0,0,214,0,0,214,0,0,214,0,0,0,0,0,0,0,0,0,0,0,214,0,0,7,0,255,7,0,255,214,0,0,0,0,0,0,0,0
7,0,255,7,0,255,7,0,255,7,0,255,7,0,255,7,0,255,7,0,255,255,0,255,255,0,255,255,0,255,214,0,0,214,0,0,0,0,0,0,0,0,0,0,0,0,0,0,0,0,0,0,0,0,0,0,0,132,0,0,255,0,255,255,0,255,255,0,255,255,0,255,255,0,255,7,0,255,7,0,255,7,0,255,7,0,255,7,0,255,0,0,0,0,0,0,214,0,0,7,0,255,7,0,255,214,0,0,0,0,0,0,0,0,0,0,0,214,0,0,214,0,0,214,0,0,214,0,0,214,0,0,214,0,0,0,0,0,0,0,0,214,0,0,214,0,0,214,0,0,180,0,0,214,0,0,214,0,0,0,0,0,0,0,0,0,0,0,214,0,0,7,0,255,7,0,255,214,0,0,0,0,0,0,0,0
7,0,255,7,0,255,7,0,255,7,0,255,7,0,255,7,0,255,160,0,255,255,0,255,214,0,0,214,0,0,214,0,0,214,0,0,0,0,0,0,0,0,0,0,0,0,0,0,0,0,0,0,0,0,0,0,0,0,0,0,214,0,0,214,0,0,255,0,255,255,0,255,255,0,255,7,0,255,7,0,255,7,0,255,7,0,255,7,0,255,0,0,0,0,0,0,214,0,0,7,0,255,7,0,255,214,0,0,0,0,0,0,0,0,0,0,0,214,0,0,214,0,0,214,0,0,214,0,0,214,0,0,214,0,0,0,0,0,214,0,0,214,0,0,214,0,0,0,0,0,0,0,0,214,0,0,214,0,0,214,0,0,0,0,0,0,0,0,214,0,0,7,0,255,7,0,255,214,0,0,0,0,0,0,0,0
7,0,255,7,0,255,7,0,255,7,0,255,7,0,255,7,0,255,255,0,255,255,0,190,214,0,0,214,0,0,214,0,0,0,0,0,0,0,0,0,0,0,0,0,0,0,0,0,0,0,0,0,0,0,0,0,0,0,0,0,214,0,0,214,0,0,255,0,192,255,0,255,255,0,255,7,0,255,7,0,255,7,0,255,7,0,255,7,0,255,0,0,0,0,0,0,214,0,0,0,0,0,7,0,255,214,0,0,0,0,0,0,0,0,0,0,0,214,0,0,214,0,0,214,0,0,214,0,0,214,0,0,214,0,0,0,0,0,214,0,0,214,0,0,214,0,0,0,0,0,0,0,0,214,0,0,214,0,0,214,0,0,0,0,0,0,0,0,214,0,0,0,0,0,7,0,255,214,0,0,0,0,0,0,0,0
7,0,255,7,0,255,7,0,255,7,0,255,7,0,255,1,0,37,214,0,0,214,0,0,214,0,0,214,0,0,214,0,0,0,0,0,0,0,0,0,0,0,0,0,0,0,0,0,0,0,0,0,0,0,0,0,0,0,0,0,0,0,0,214,0,0,214,0,0,214,0,0,255,0,46,255,0,255,7,0,255,7,0,255,7,0,255,7,0,255,0,0,0,0,0,0,214,0,0,0,0,0,0,0,0,214,0,0,0,0,0,0,0,0,0,0,0,214,0,0,214,0,0,214,0,0,214,0,0,214,0,0,214,0,0,0,0,0,214,0,0,214,0,0,214,0,0,0,0,0,0,0,0,214,0,0,214,0,0,214,0,0,0,0,0,0,0,0,214,0,0,0,0,0,0,0,0,214,0,0,0,0,0,0,0,0
7,0,255,7,0,255,7,0,255,7,0,255,7,0,255,214,0,0,214,0,0,214,0,0,214,0,0,214,0,0,214,0,0,0,0,0,0,0,0,0,0,0,0,0,0,0,0,0,0,0,0,0,0,0,0,0,0,0,0,0,0,0,0,214,0,0,214,0,0,214,0,0,214,0,0,255,0,255,7,0,255,7,0,255,7,0,255,7,0,255,0,0,0,0,0,0,214,0,0,56,0,0,0,0,0,214,0,0,0,0,0,0,0,0,0,0,0,214,0,0,214,0,0,214,0,0,214,0,0,214,0,0,214,0,0,0,0,0,214,0,0,214,0,0,214,0,0,0,0,0,0,0,0,214,0,0,214,0,0,214,0,0,0,0,0,0,0,0,214,0,0,0,0,0,0,0,0,214,0,0,0,0,0,0,0,0
7,0,255,7,0,255,7,0,255,0,0,0,0,0,0,214,0,0,214,0,0,214,0,0,214,0,0,214,0,0,0,0,0,0,0,0,0,0,0,0,0,0,0,0,0,0,0,0,0,0,0,0,0,0,0,0,0,0,0,0,0,0,0,0,0,0,214,0,0,214,0,0,214,0,0,214,0,0,214,0,0,7,0,255,7,0,255,7,0,255,0,0,0,0,0,0,214,0,0,214,0,0,214,0,0,214,0,0,0,0,0,0,0,0,214,0,0,214,0,0,214,0,0,0,0,0,0,0,0,214,0,0,214,0,0,214,0,0,214,0,0,214,0,0,214,0,0,0,0,0,0,0,0,214,0,0,214,0,0,214,0,0,0,0,0,0,0,0,214,0,0,214,0,0,2,0,0,214,0,0,0,0,0,0,0,0
0,0,0,0,0,0,0,0,0,0,0,0,0,0,0,214,0,0,214,0,0,214,0,0,214,0,0,214,0,0,0,0,0,0,0,0,0,0,0,0,0,0,0,0,0,0,0,0,0,0,0,0,0,0,0,0,0,0,0,0,0,0,0,0,0,0,214,0,0,214,0,0,214,0,0,214,0,0,214,0,0,0,0,0,0,0,0,0,0,0,0,0,0,0,0,0,214,0,0,214,0,0,214,0,0,214,0,0,0,0,0,0,0,0,214,0,0,214,0,0,214,0,0,0,0,0,0,0,0,214,0,0,214,0,0,214,0,0,214,0,0,214,0,0,214,0,0,0,0,0,0,0,0,214,0,0,214,0,0,214,0,0,0,0,0,0,0,0,214,0,0,214,0,0,214,0,0,214,0,0,0,0,0,0,0,0
214,0,0,214,0,0,0,0,0,0,0,0,214,0,0,214,0,0,214,0,0,214,0,0,214,0,0,0,0,0,0,0,0,0,0,0,0,0,0,0,0,0,0,0,0,0,0,0,0,0,0,0,0,0,0,0,0,0,0,0,0,0,0,0,0,0,214,0,0,214,0,0,214,0,0,214,0,0,214,0,0,214,0,0,0,0,0,0,0,0,0,0,0,0,0,0,0,0,0,214,0,0,214,0,0,91,0,0,0,0,0,0,0,0,214,0,0,214,0,0,214,0,0,0,0,0,0,0,0,214,0,0,214,0,0,214,0,0,214,0,0,214,0,0,214,0,0,0,0,0,0,0,0,214,0,0,214,0,0,214,0,0,0,0,0,0,0,0,214,0,0,214,0,0,214,0,0,214,0,0,0,0,0,0,0,0
214,0,0,214,0,0,214,0,0,0,0,0,214,0,0,214,0,0,214,0,0,214,0,0,214,0,0,0,0,0,0,0,0,0,0,0,0,0,0,0,0,0,0,0,0,0,0,0,0,0,0,0,0,0,0,0,0,0,0,0,0,0,0,0,0,0,0,0,0,214,0,0,214,0,0,214,0,0,214,0,0,214,0,0,214,0,0,214,0,0,0,0,0,0,0,0,0,0,0,214,0,0,214,0,0,0,0,0,0,0,0,0,0,0,214,0,0,214,0,0,214,0,0,0,0,0,0,0,0,214,0,0,214,0,0,214,0,0,214,0,0,214,0,0,214,0,0,0,0,0,0,0,0,214,0,0,214,0,0,214,0,0,0,0,0,0,0,0,0,0,0,214,0,0,214,0,0,38,0,0,0,0,0,0,0,0
214,0,0,214,0,0,214,0,0,214,0,0,214,0,0,214,0,0,214,0,0,214,0,0,0,0,0,0,0,0,0,0,0,0,0,0,0,0,0,0,0,0,0,0,0,0,0,0,0,0,0,0,0,0,0,0,0,0,0,0,0,0,0,0,0,0,0,0,0,214,0,0,214,0,0,214,0,0,226,0,0,214,0,0,214,0,0,214,0,0,0,0,0,0,0,0,0,0,0,214,0,0,214,0,0,0,0,0,0,0,0,0,0,0,214,0,0,214,0,0,214,0,0,214,0,0,214,0,0,214,0,0,214,0,0,214,0,0,214,0,0,0,0,0,214,0,0,0,0,0,0,0,0,214,0,0,0,0,0,214,0,0,0,0,0,0,0,0,0,0,0,214,0,0,214,0,0,0,0,0,0,0,0,0,0,0
214,0,0,214,0,0,214,0,0,214,0,0,214,0,0,214,0,0,214,0,0,214,0,0,0,0,0,0,0,0,0,0,0,0,0,0,0,0,0,0,0,0,0,0,0,0,0,0,0,0,0,0,0,0,0,0,0,0,0,0,0,0,0,0,0,0,0,0,0,89,0,0,214,0,0,214,0,0,214,0,0,214,0,0,214,0,0,214,0,0,0,0,0,0,0,0,0,0,0,214,0,0,214,0,0,0,0,0,0,0,0,0,0,0,255,0,255,214,0,0,214,0,0,214,0,0,214,0,0,214,0,0,214,0,0,214,0,0,255,0,255,0,0,0,214,0,0,214,0,0,0,0,0,214,0,0,0,0,0,214,0,0,0,0,0,0,0,0,0,0,0,214,0,0,214,0,0,0,0,0,0,0,0,0,0,0
214,0,0,214,0,0,214,0,0,214,0,0,214,0,0,214,0,0,214,0,0,214,0,0,0,0,0,0,0,0,0,0,0,0,0,0,0,0,0,0,0,0,0,0,0,0,0,0,0,0,0,0,0,0,0,0,0,0,0,0,0,0,0,0,0,0,0,0,0,203,0,0,214,0,0,214,0,0,214,0,0,214,0,0,214,0,0,214,0,0,0,0,0,0,0,0,0,0,0,214,0,0,214,0,0,0,0,0,0,0,0,0,0,0,255,0,255,214,0,0,214,0,0,214,0,0,214,0,0,214,0,0,214,0,0,255,0,255,255,0,255,0,0,0,214,0,0,214,0,0,214,0,0,214,0,0,0,0,0,255,0,255,0,0,0,0,0,0,214,0,0,214,0,0,214,0,0,214,0,0,0,0,0,0,0,0
214,0,0,214,0,0,214,0,0,214,0,0,214,0,0,214,0,0,214,0,0,214,0,0,214,0,0,0,0,0,0,0,0,0,0,0,0,0,0,0,0,0,0,0,0,0,0,0,0,0,0,0,0,0,0,0,0,0,0,0,0,0,0,0,0,0,12,0,0,214,0,0,214,0,0,214,0,0,214,0,0,214,0,0,214,0,0,214,0,0,0,0,0,0,0,0,0,0,0,214,0,0,214,0,0,0,0,0,0,0,0,0,0,0,255,0,255,214,0,0,0,0,0,214,0,0,214,0,0,214,0,0,214,0,0,255,0,255,255,0,255,0,0,0,214,0,0,214,0,0,214,0,0,214,0,0,0,0,0,255,0,255,0,0,0,0,0,0,214,0,0,214,0,0,214,0,0,214,0,0,0,0,0,0,0,0
214,0,0,214,0,0,214,0,0,214,0,0,214,0,0,214,0,0,214,0,0,214,0,0,214,0,0,214,0,0,214,0,0,0,0,0,0,0,0,0,0,0,0,0,0,0,0,0,0,0,0,0,0,0,0,0,0,0,0,0,214,0,0,214,0,0,214,0,0,214,0,0,214,0,0,214,0,0,214,0,0,214,0,0,214,0,0,214,0,0,0,0,0,0,0,0,0,0,0,214,0,0,214,0,0,0,0,0,0,0,0,0,0,0,255,0,255,0,0,0,0,0,0,214,0,0,214,0,0,0,0,0,0,0,0,255,0,255,26,0,255,0,0,0,0,0,0,214,0,0,214,0,0,0,0,0,0,0,0,7,0,255,0,0,0,0,0,0,214,0,0,214,0,0,214,0,0,214,0,0,0,0,0,0,0,0
214,0,0,214,0,0,214,0,0,214,0,0,214,0,0,214,0,0,214,0,0,214,0,0,214,0,0,214,0,0,214,0,0,214,0,0,0,0,0,0,0,0,0,0,0,0,0,0,0,0,0,0,0,0,0,0,0,205,0,0,214,0,0,214,0,0,214,0,0,214,0,0,214,0,0,214,0,0,214,0,0,214,0,0,214,0,0,214,0,0,0,0,0,0,0,0,0,0,0,214,0,0,214,0,0,34,0,0,0,0,0,0,0,0,255,0,255,0,0,0,0,0,0,214,0,0,214,0,0,0,0,0,0,0,0,255,0,255,7,0,255,0,0,0,0,0,0,214,0,0,214,0,0,0,0,0,0,0,0,7,0,255,0,0,0,0,0,0,214,0,0,214,0,0,214,0,0,214,0,0,0,0,0,0,0,0
214,0,0,214,0,0,214,0,0,214,0,0,214,0,0,214,0,0,214,0,0,214,0,0,214,0,0,214,0,0,214,0,0,214,0,0,214,0,0,214,0,0,164,0,0,164,0,0,0,0,0,214,0,0,214,0,0,214,0,0,214,0,0,214,0,0,214,0,0,214,0,0,214,0,0,214,0,0,214,0,0,214,0,0,214,0,0,214,0,0,7,0,255,0,0,0,214,0,0,214,0,0,214,0,0,214,0,0,0,0,0,0,0,0,255,0,255,0,0,0,0,0,0,214,0,0,214,0,0,0,0,0,0,0,0,255,0,255,7,0,255,0,0,0,0,0,0,214,0,0,214,0,0,0,0,0,0,0,0,7,0,255,7,0,255,214,0,0,214,0,0,214,0,0,214,0,0,214,0,0,214,0,0,0,0,0
214,0,0,214,0,0,214,0,0,214,0,0,214,0,0,214,0,0,214,0,0,214,0,0,214,0,0,214,0,0,214,0,0,214,0,0,214,0,0,214,0,0,214,0,0,214,0,0,210,0,0,214,0,0,214,0,0,214,0,0,214,0,0,214,0,0,214,0,0,214,0,0,214,0,0,214,0,0,214,0,0,214,0,0,214,0,0,214,0,0,7,0,255,0,0,0,214,0,0,214,0,0,214,0,0,214,0,0,0,0,0,7,0,255,255,0,255,7,0,255,0,0,0,214,0,0,214,0,0,0,0,0,1,0,41,255,0,255,7,0,255,7,0,255,0,0,0,214,0,0,214,0,0,0,0,0,1,0,42,7,0,255,7,0,255,214,0,0,214,0,0,214,0,0,214,0,0,214,0,0,214,0,0,7,0,255
214,0,0,214,0,0,214,0,0,214,0,0,214,0,0,214,0,0,214,0,0,214,0,0,214,0,0,214,0,0,214,0,0,214,0,0,214,0,0,214,0,0,214,0,0,214,0,0,210,0,0,214,0,0,214,0,0,214,0,0,214,0,0,214,0,0,214,0,0,214,0,0,214,0,0,214,0,0,214,0,0,214,0,0,214,0,0,214,0,0,7,0,255,0,0,0,214,0,0,214,0,0,228,0,0,214,0,0,0,0,0,7,0,255,149,0,255,7,0,255,0,0,0,214,0,0,214,0,0,0,0,0,7,0,255,7,0,255,7,0,255,7,0,255,0,0,0,214,0,0,214,0,0,0,0,0,7,0,255,7,0,255,7,0,255,214,0,0,214,0,0,214,0,0,214,0,0,214,0,0,214,0,0,7,0,255
214,0,0,214,0,0,214,0,0,214,0,0,214,0,0,214,0,0,214,0,0,214,0,0,214,0,0,214,0,0,214,0,0,214,0,0,214,0,0,214,0,0,214,0,0,214,0,0,210,0,0,214,0,0,214,0,0,214,0,0,214,0,0,214,0,0,214,0,0,214,0,0,214,0,0,214,0,0,214,0,0,214,0,0,214,0,0,214,0,0,7,0,255,0,0,0,214,0,0,214,0,0,214,0,0,214,0,0,0,0,0,7,0,255,0,0,0,7,0,255,0,0,0,214,0,0,214,0,0,0,0,0,7,0,255,5,0,180,0,0,0,7,0,255,0,0,0,214,0,0,214,0,0,0,0,0,7,0,255,5,0,178,7,0,255,214,0,0,214,0,0,214,0,0,228,0,0,214,0,0,214,0,0,7,0,255
226,0,0,214,0,0,214,0,0,214,0,0,214,0,0,214,0,0,214,0,0,214,0,0,214,0,0,214,0,0,214,0,0,214,0,0,214,0,0,214,0,0,214,0,0,214,0,0,210,0,0,214,0,0,214,0,0,214,0,0,214,0,0,214,0,0,214,0,0,214,0,0,214,0,0,214,0,0,214,0,0,214,0,0,214,0,0,214,0,0,7,0,255,214,0,0,214,0,0,214,0,0,214,0,0,214,0,0,214,0,0,7,0,255,0,0,0,7,0,255,0,0,0,214,0,0,214,0,0,0,0,0,7,0,255,0,0,0,0,0,0,7,0,255,0,0,0,214,0,0,214,0,0,0,0,0,7,0,255,0,0,0,68,0,255,214,0,0,214,0,0,0,0,0,0,0,0,214,0,0,214,0,0,255,0,255
214,0,0,214,0,0,214,0,0,214,0,0,214,0,0,214,0,0,214,0,0,214,0,0,214,0,0,214,0,0,214,0,0,214,0,0,214,0,0,214,0,0,214,0,0,214,0,0,210,0,0,214,0,0,214,0,0,214,0,0,214,0,0,214,0,0,214,0,0,214,0,0,214,0,0,214,0,0,214,0,0,214,0,0,214,0,0,214,0,0,7,0,255,214,0,0,214,0,0,214,0,0,214,0,0,214,0,0,214,0,0,7,0,255,0,0,0,7,0,255,0,0,0,214,0,0,214,0,0,0,0,0,7,0,255,0,0,0,0,0,0,7,0,255,0,0,0,214,0,0,214,0,0,0,0,0,7,0,255,0,0,0,255,0,255,214,0,0,214,0,0,0,0,0,0,0,0,214,0,0,214,0,0,255,0,255
214,0,0,214,0,0,214,0,0,25,0,0,214,0,0,214,0,0,214,0,0,214,0,0,214,0,0,214,0,0,214,0,0,214,0,0,214,0,0,214,0,0,214,0,0,214,0,0,210,0,0,214,0,0,214,0,0,214,0,0,214,0,0,214,0,0,214,0,0,214,0,0,214,0,0,214,0,0,214,0,0,214,0,0,214,0,0,214,0,0,7,0,255,214,0,0,214,0,0,214,0,0,214,0,0,214,0,0,214,0,0,7,0,255,0,0,0,7,0,255,0,0,0,172,0,0,214,0,0,0,0,0,7,0,255,0,0,0,0,0,0,7,0,255,0,0,0,214,0,0,214,0,0,0,0,0,7,0,255,0,0,0,255,0,255,214,0,0,214,0,0,0,0,0,0,0,0,214,0,0,214,0,0,255,0,255
214,0,0,214,0,0,214,0,0,0,0,0,0,0,0,214,0,0,214,0,0,214,0,0,214,0,0,214,0,0,214,0,0,214,0,0,214,0,0,214,0,0,214,0,0,214,0,0,210,0,0,214,0,0,214,0,0,214,0,0,214,0,0,214,0,0,214,0,0,214,0,0,214,0,0,214,0,0,0,0,0,0,0,0,0,0,0,214,0,0,7,0,255,255,0,255,214,0,0,214,0,0,24,0,0,214,0,0,255,0,255,7,0,255,0,0,0,7,0,255,7,0,255,0,0,0,0,0,0,7,0,255,7,0,255,0,0,0,0,0,0,7,0,255,7,0,255,147,0,0,214,0,0,7,0,255,7,0,255,0,0,0,255,0,255,255,0,255,214,0,0,0,0,0,0,0,0,214,0,0,255,0,255,255,0,255
214,0,0,214,0,0,214,0,0,0,0,0,0,0,0,0,0,0,0,0,0,214,0,0,214,0,0,214,0,0,214,0,0,214,0,0,214,0,0,214,0,0,214,0,0,214,0,0,210,0,0,214,0,0,214,0,0,214,0,0,214,0,0,214,0,0,214,0,0,214,0,0,214,0,0,0,0,0,0,0,0,0,0,0,0,0,0,214,0,0,255,0,255,255,0,255,214,0,0,0,0,0,0,0,0,214,0,0,255,0,255,255,0,255,0,0,0,7,0,255,7,0,255,0,0,0,0,0,0,7,0,255,7,0,255,0,0,0,0,0,0,7,0,255,7,0,255,0,0,0,0,0,0,7,0,255,7,0,255,0,0,0,255,0,255,255,0,255,0,0,0,0,0,0,0,0,0,0,0,0,255,0,255,255,0,255
214,0,0,214,0,0,0,0,0,0,0,0,0,0,0,0,0,0,0,0,0,19,0,0,214,0,0,214,0,0,214,0,0,214,0,0,214,0,0,214,0,0,214,0,0,214,0,0,210,0,0,214,0,0,214,0,0,214,0,0,214,0,0,214,0,0,214,0,0,214,0,0,0,0,0,0,0,0,0,0,0,0,0,0,0,0,0,214,0,0,214,0,0,255,0,255,214,0,0,0,0,0,0,0,0,214,0,0,255,0,255,255,0,186,0,0,0,0,0,0,7,0,255,0,0,0,0,0,0,7,0,255,7,0,255,0,0,0,0,0,0,0,0,0,7,0,255,0,0,0,0,0,0,7,0,255,7,0,255,0,0,0,214,0,0,255,0,255,0,0,0,0,0,0,0,0,0,0,0,0,255,0,255,255,0,182
214,0,0,214,0,0,0,0,0,0,0,0,0,0,0,0,0,0,0,0,0,0,0,0,0,0,0,0,0,0,214,0,0,214,0,0,214,0,0,214,0,0,214,0,0,214,0,0,210,0,0,214,0,0,214,0,0,214,0,0,214,0,0,214,0,0,0,0,0,0,0,0,0,0,0,0,0,0,0,0,0,0,0,0,0,0,0,0,0,0,214,0,0,255,0,255,214,0,0,0,0,0,0,0,0,214,0,0,255,0,255,214,0,0,0,0,0,0,0,0,7,0,255,0,0,0,0,0,0,7,0,255,0,0,0,0,0,0,0,0,0,0,0,0,7,0,255,0,0,0,0,0,0,7,0,255,0,0,0,0,0,0,214,0,0,255,0,255,0,0,0,0,0,0,0,0,0,0,0,0,255,0,255,214,0,0
214,0,0,35,0,0,0,0,0,0,0,0,0,0,0,0,0,0,0,0,0,0,0,0,0,0,0,0,0,0,0,0,0,214,0,0,214,0,0,214,0,0,214,0,0,214,0,0,210,0,0,214,0,0,214,0,0,214,0,0,214,0,0,0,0,0,0,0,0,0,0,0,0,0,0,0,0,0,0,0,0,0,0,0,0,0,0,0,0,0,214,0,0,255,0,255,214,0,0,0,0,0,0,0,0,214,0,0,255,0,255,214,0,0,0,0,0,0,0,0,7,0,255,0,0,0,0,0,0,7,0,255,0,0,0,0,0,0,0,0,0,0,0,0,7,0,255,0,0,0,0,0,0,7,0,255,0,0,0,0,0,0,214,0,0,255,0,255,0,0,0,0,0,0,0,0,0,0,0,0,255,0,255,214,0,0
214,0,0,0,0,0,0,0,0,0,0,0,0,0,0,0,0,0,0,0,0,0,0,0,0,0,0,0,0,0,0,0,0,0,0,0,214,0,0,214,0,0,214,0,0,214,0,0,210,0,0,214,0,0,214,0,0,0,0,0,0,0,0,0,0,0,0,0,0,0,0,0,0,0,0,0,0,0,0,0,0,0,0,0,0,0,0,0,0,0,214,0,0,255,0,255,4,0,0,0,0,0,0,0,0,0,0,0,255,0,255,214,0,0,0,0,0,0,0,0,7,0,255,0,0,0,0,0,0,7,0,255,0,0,0,0,0,0,0,0,0,0,0,0,7,0,255,0,0,0,0,0,0,7,0,255,0,0,0,0,0,0,214,0,0,255,0,255,0,0,0,0,0,0,0,0,0,0,0,0,255,0,255,214,0,0
214,0,0,0,0,0,0,0,0,0,0,0,0,0,0,0,0,0,0,0,0,0,0,0,0,0,0,0,0,0,0,0,0,0,0,0,0,0,0,0,0,0,214,0,0,214,0,0,210,0,0,214,0,0,0,0,0,0,0,0,0,0,0,0,0,0,0,0,0,0,0,0,0,0,0,0,0,0,0,0,0,0,0,0,0,0,0,0,0,0,214,0,0,255,0,255,7,0,255,0,0,0,0,0,0,7,0,255,255,0,255,214,0,0,0,0,0,0,0,0,7,0,255,7,0,255,1,0,46,7,0,255,0,0,0,0,0,0,0,0,0,0,0,0,7,0,255,7,0,255,1,0,47,7,0,255,0,0,0,0,0,0,214,0,0,7,0,255,7,0,255,0,0,0,0,0,0,7,0,255,7,0,255,214,0,0
0,0,0,0,0,0,0,0,0,0,0,0,0,0,0,0,0,0,0,0,0,0,0,0,0,0,0,0,0,0,0,0,0,0,0,0,0,0,0,0,0,0,7,0,255,7,0,255,0,0,0,0,0,0,0,0,0,0,0,0,0,0,0,0,0,0,0,0,0,0,0,0,0,0,0,0,0,0,0,0,0,0,0,0,0,0,0,0,0,0,214,0,0,255,0,255,7,0,255,0,0,0,0,0,0,7,0,255,255,0,255,214,0,0,0,0,0,0,0,0,7,0,255,7,0,255,7,0,255,7,0,255,0,0,0,0,0,0,0,0,0,0,0,0,7,0,255,7,0,255,7,0,255,7,0,255,0,0,0,0,0,0,214,0,0,7,0,255,7,0,255,0,0,0,0,0,0,7,0,255,7,0,255,214,0,0
0,0,0,0,0,0,0,0,0,0,0,0,0,0,0,0,0,0,0,0,0,0,0,0,0,0,0,0,0,0,0,0,0,0,0,0,7,0,255,7,0,255,7,0,255,7,0,255,7,0,255,7,0,255,0,0,0,0,0,0,0,0,0,0,0,0,0,0,0,0,0,0,0,0,0,0,0,0,0,0,0,0,0,0,0,0,0,0,0,0,214,0,0,214,0,0,7,0,255,0,0,0,0,0,0,7,0,255,214,0,0,214,0,0,0,0,0,0,0,0,0,0,0,7,0,255,7,0,255,5,0,172,0,0,0,0,0,0,0,0,0,0,0,0,0,0,0,7,0,255,7,0,255,5,0,170,0,0,0,0,0,0,214,0,0,0,0,0,7,0,255,0,0,0,0,0,0,7,0,255,0,0,0,214,0,0
0,0,0,0,0,0,0,0,0,0,0,0,0,0,0,0,0,0,0,0,0,0,0,0,0,0,0,0,0,0,0,0,0,7,0,255,7,0,255,7,0,255,7,0,255,7,0,255,7,0,255,7,0,255,7,0,255,0,0,0,0,0,0,0,0,0,0,0,0,0,0,0,0,0,0,0,0,0,0,0,0,0,0,0,0,0,0,0,0,0,214,0,0,214,0,0,7,0,255,0,0,0,0,0,0,7,0,255,214,0,0,214,0,0,0,0,0,0,0,0,0,0,0,7,0,255,7,0,255,0,0,0,0,0,0,0,0,0,0,0,0,0,0,0,0,0,0,7,0,255,7,0,255,0,0,0,0,0,0,0,0,0,214,0,0,0,0,0,7,0,255,0,0,0,0,0,0,7,0,255,0,0,0,214,0,0
0,0,0,0,0,0,0,0,0,0,0,0,0,0,0,0,0,0,0,0,0,0,0,0,0,0,0,0,0,0,7,0,255,7,0,255,7,0,255,7,0,255,7,0,255,7,0,255,7,0,255,7,0,255,7,0,255,7,0,255,0,0,0,0,0,0,0,0,0,0,0,0,0,0,0,0,0,0,0,0,0,0,0,0,0,0,0,0,0,0,214,0,0,0,0,0,7,0,255,0,0,0,0,0,0,7,0,255,0,0,0,214,0,0,0,0,0,0,0,0,0,0,0,7,0,255,7,0,255,0,0,0,0,0,0,0,0,0,0,0,0,0,0,0,0,0,0,7,0,255,7,0,255,0,0,0,0,0,0,0,0,0,214,0,0,0,0,0,7,0,255,0,0,0,0,0,0,7,0,255,0,0,0,1,0,0
0,0,0,0,0,0,0,0,0,0,0,0,0,0,0,0,0,0,0,0,0,0,0,0,1,0,53,7,0,255,7,0,255,7,0,255,7,0,255,7,0,255,7,0,255,7,0,255,7,0,255,7,0,255,7,0,255,7,0,255,7,0,255,1,0,52,0,0,0,0,0,0,0,0,0,0,0,0,0,0,0,0,0,0,0,0,0,0,0,0,214,0,0,0,0,0,7,0,255,0,0,0,0,0,0,7,0,255,0,0,0,214,0,0,0,0,0,0,0,0,0,0,0,7,0,255,7,0,255,0,0,0,0,0,0,0,0,0,0,0,0,0,0,0,0,0,0,7,0,255,7,0,255,0,0,0,0,0,0,0,0,0,0,0,0,0,0,0,7,0,255,0,0,0,0,0,0,7,0,255,0,0,0,0,0,0
0,0,0,0,0,0,0,0,0,0,0,0,0,0,0,0,0,0,0,0,0,0,0,0,7,0,255,7,0,255,7,0,255,7,0,255,7,0,255,7,0,255,7,0,255,7,0,255,7,0,255,7,0,255,7,0,255,7,0,255,7,0,255,7,0,255,0,0,0,0,0,0,0,0,0,0,0,0,0,0,0,0,0,0,0,0,0,0,0,0,214,0,0,0,0,0,7,0,255,0,0,0,0,0,0,7,0,255,0,0,0,214,0,0,0,0,0,0,0,0,0,0,0,7,0,255,7,0,255,0,0,0,0,0,0,0,0,0,0,0,0,0,0,0,0,0,0,7,0,255,7,0,255,0,0,0,0,0,0,0,0,0,0,0,0,0,0,0,7,0,255,0,0,0,0,0,0,7,0,255,0,0,0,0,0,0
0,0,0,0,0,0,0,0,0,0,0,0,0,0,0,0,0,0,7,0,255,7,0,255,7,0,255,7,0,255,7,0,255,7,0,255,7,0,255,7,0,255,7,0,255,7,0,255,7,0,255,7,0,255,7,0,255,7,0,255,7,0,255,7,0,255,7,0,255,7,0,255,0,0,0,0,0,0,0,0,0,0,0,0,0,0,0,0,0,0,214,0,0,0,0,0,7,0,255,7,0,255,7,0,255,7,0,255,0,0,0,214,0,0,0,0,0,0,0,0,0,0,0,7,0,255,7,0,255,0,0,0,0,0,0,0,0,0,0,0,0,0,0,0,0,0,0,7,0,255,7,0,255,0,0,0,0,0,0,0,0,0,0,0,0,0,0,0,7,0,255,7,0,255,7,0,255,7,0,255,0,0,0,0,0,0
0,0,0,0,0,0,0,0,0,0,0,0,0,0,0,7,0,255,7,0,255,7,0,255,7,0,255,7,0,255,7,0,255,7,0,255,7,0,255,7,0,255,7,0,255,7,0,255,7,0,255,7,0,255,7,0,255,7,0,255,7,0,255,7,0,255,7,0,255,7,0,255,7,0,255,0,0,0,0,0,0,0,0,0,0,0,0,0,0,0,219,0,0,0,0,0,7,0,255,7,0,255,7,0,255,7,0,255,0,0,0,67,0,0,0,0,0,0,0,0,0,0,0,7,0,255,7,0,255,0,0,0,0,0,0,0,0,0,0,0,0,0,0,0,0,0,0,7,0,255,7,0,255,0,0,0,0,0,0,0,0,0,0,0,0,0,0,0,7,0,255,7,0,255,7,0,255,7,0,255,0,0,0,0,0,0
0,0,0,0,0,0,0,0,0,7,0,255,7,0,255,7,0,255,7,0,255,7,0,255,7,0,255,7,0,255,7,0,255,7,0,255,7,0,255,7,0,255,0,0,0,0,0,0,7,0,255,7,0,255,7,0,255,7,0,255,7,0,255,7,0,255,7,0,255,7,0,255,7,0,255,7,0,255,7,0,255,0,0,0,0,0,0,0,0,0,214,0,0,0,0,0,0,0,0,7,0,255,7,0,255,0,0,0,0,0,0,214,0,0,0,0,0,0,0,0,0,0,0,0,0,0,0,0,0,0,0,0,0,0,0,0,0,0,0,0,0,0,0,0,0,0,0,0,0,0,0,0,0,0,0,0,0,0,0,0,0,0,214,0,0,0,0,0,0,0,0,7,0,255,7,0,255,0,0,0,0,0,0,0,0,0
0,0,0,0,0,0,7,0,252,7,0,255,7,0,255,7,0,255,7,0,255,7,0,255,7,0,255,7,0,255,7,0,255,7,0,255,7,0,255,0,0,0,0,0,0,0,0,0,0,0,0,7,0,255,7,0,255,7,0,255,7,0,255,7,0,255,7,0,255,7,0,255,7,0,255,7,0,255,7,0,255,7,0,250,0,0,0,0,0,0,214,0,0,0,0,0,0,0,0,7,0,255,7,0,255,0,0,0,0,0,0,214,0,0,0,0,0,0,0,0,0,0,0,0,0,0,0,0,0,0,0,0,0,0,0,0,0,0,0,0,0,0,0,0,0,0,0,0,0,0,0,0,0,0,0,0,0,0,0,0,0,0,214,0,0,0,0,0,0,0,0,7,0,255,7,0,255,0,0,0,0,0,0,214,0,0
0,0,0,7,0,255,7,0,255,7,0,255,7,0,255,7,0,255,7,0,255,7,0,255,7,0,255,7,0,255,7,0,255,7,0,255,0,0,0,0,0,0,0,0,0,0,0,0,0,0,0,0,0,0,7,0,255,7,0,255,7,0,255,7,0,255,7,0,255,7,0,255,7,0,255,7,0,255,7,0,255,7,0,255,7,0,255,0,0,0,214,0,0,0,0,0,0,0,0,7,0,255,7,0,255,0,0,0,0,0,0,214,0,0,0,0,0,0,0,0,0,0,0,0,0,0,0,0,0,0,0,0,0,0,0,0,0,0,0,0,0,0,0,0,0,0,0,0,0,0,0,0,0,0,0,0,0,0,0,0,0,0,214,0,0,0,0,0,0,0,0,7,0,255,7,0,255,0,0,0,0,0,0,214,0,0
7,0,255,7,0,255,7,0,255,7,0,255,7,0,255,7,0,255,7,0,255,7,0,255,7,0,255,7,0,255,0,0,0,0,0,0,0,0,0,0,0,0,0,0,0,0,0,0,0,0,0,0,0,0,0,0,0,0,0,0,7,0,255,7,0,255,7,0,255,7,0,255,7,0,255,7,0,255,7,0,255,7,0,255,7,0,255,7,0,255,214,0,0,0,0,0,0,0,0,7,0,255,7,0,255,0,0,0,0,0,0,214,0,0,0,0,0,0,0,0,0,0,0,0,0,0,0,0,0,0,0,0,0,0,0,0,0,0,0,0,0,0,0,0,0,0,0,0,0,0,0,0,0,0,0,0,0,0,0,0,0,0,214,0,0,0,0,0,0,0,0,7,0,255,7,0,255,0,0,0,0,0,0,214,0,0
7,0,255,7,0,255,7,0,255,7,0,255,7,0,255,7,0,255,7,0,255,7,0,255,7,0,255,7,0,255,0,0,0,0,0,0,0,0,0,0,0,0,0,0,0,0,0,0,0,0,0,0,0,0,0,0,0,0,0,0,7,0,255,7,0,255,7,0,255,7,0,255,7,0,255,7,0,255,7,0,255,7,0,255,7,0,255,7,0,255,214,0,0,0,0,0,0,0,0,7,0,255,7,0,255,0,0,0,0,0,0,214,0,0,0,0,0,0,0,0,0,0,0,0,0,0,0,0,0,0,0,0,0,0,0,0,0,0,0,0,0,0,0,0,0,0,0,0,0,0,0,0,0,0,0,0,0,0,0,0,0,0,214,0,0,0,0,0,0,0,0,7,0,255,7,0,255,0,0,0,0,0,0,214,0,0
7,0,255,7,0,255,7,0,255,7,0,255,7,0,255,7,0,255,7,0,255,5,0,182,0,0,0,0,0,0,0,0,0,0,0,0,0,0,0,0,0,0,0,0,0,0,0,0,0,0,0,0,0,0,0,0,0,0,0,0,0,0,0,0,0,0,5,0,184,7,0,255,7,0,255,7,0,255,7,0,255,7,0,255,7,0,255,7,0,255,214,0,0,0,0,0,0,0,0,0,0,0,7,0,255,0,0,0,0,0,0,214,0,0,214,0,0,0,0,0,0,0,0,0,0,0,0,0,0,0,0,0,0,0,0,214,0,0,214,0,0,0,0,0,0,0,0,0,0,0,0,0,0,0,0,0,0,0,0,0,0,0,214,0,0,0,0,0,0,0,0,0,0,0,7,0,255,0,0,0,0,0,0,214,0,0
