247,0,0,255,255,255,247,0,0,0,0,0,255,255,255,0,0,0,0,0,0,0,0,0,252,252,252,0,0,0,247,0,0,247,0,0,247,0,0,247,0,0,255,255,255,255,255,255,247,0,0,247,0,0,247,0,0,247,0,0,0,0,0,252,252,252,0,0,0,0,0,0,0,0,0,255,255,255,0,0,0,247,0,0,255,255,255,247,0,0,0,0,0,0,0,0,0,0,0,255,255,255,255,255,255,0,0,0,255,255,255,0,0,0,247,0,0,247,0,0,250,0,0,247,0,0,247,0,0,255,255,255,247,0,0,247,0,0,247,0,0,247,0,0,250,0,0,247,0,0,247,0,0,255,255,255,247,0,0,247,0,0,0,0,0,0,0,0,0,0,0,255,255,255,255,255,255,0,0,0,255,255,255,0,0,0
247,0,0,255,255,255,247,0,0,247,0,0,255,255,255,0,0,0,0,0,0,0,0,0,0,0,0,255,255,255,0,0,0,247,0,0,247,0,0,0,0,0,255,255,255,255,255,255,0,0,0,247,0,0,247,0,0,0,0,0,255,255,255,0,0,0,0,0,0,0,0,0,0,0,0,255,255,255,247,0,0,247,0,0,255,255,255,247,0,0,0,0,0,255,255,255,0,0,0,255,255,255,255,255,255,0,0,0,255,255,255,0,0,0,247,0,0,247,0,0,255,255,255,247,0,0,247,0,0,255,255,255,247,0,0,247,0,0,247,0,0,247,0,0,255,255,255,247,0,0,247,0,0,255,255,255,247,0,0,247,0,0,0,0,0,255,255,255,0,0,0,255,255,255,255,255,255,0,0,0,255,255,255,0,0,0
0,0,0,255,255,255,247,0,0,247,0,0,0,0,0,255,255,255,0,0,0,0,0,0,0,0,0,255,255,255,0,0,0,0,0,0,247,0,0,247,0,0,250,250,250,250,250,250,247,0,0,247,0,0,0,0,0,0,0,0,255,255,255,0,0,0,0,0,0,0,0,0,255,255,255,0,0,0,247,0,0,247,0,0,255,255,255,0,0,0,247,0,0,255,255,255,247,0,0,255,255,255,247,0,0,247,0,0,255,255,255,247,0,0,0,0,0,0,0,0,255,255,255,0,0,0,0,0,0,255,255,255,0,0,0,0,0,0,0,0,0,0,0,0,255,255,255,0,0,0,0,0,0,255,255,255,0,0,0,0,0,0,247,0,0,255,255,255,247,0,0,255,255,255,247,0,0,247,0,0,255,255,255,247,0,0
247,0,0,247,0,0,255,255,255,247,0,0,247,0,0,255,255,255,0,0,0,0,0,0,0,0,0,182,182,182,0,0,0,0,0,0,247,0,0,247,0,0,247,0,0,247,0,0,247,0,0,247,0,0,0,0,0,0,0,0,180,180,180,0,0,0,0,0,0,0,0,0,255,255,255,247,0,0,247,0,0,255,255,255,247,0,0,247,0,0,247,0,0,255,245,245,247,0,0,247,0,0,247,0,0,247,0,0,247,0,0,247,0,0,0,0,0,0,0,0,0,0,0,0,0,0,0,0,0,0,0,0,0,0,0,0,0,0,0,0,0,0,0,0,0,0,0,0,0,0,0,0,0,0,0,0,0,0,0,0,0,0,247,0,0,255,242,242,247,0,0,247,0,0,247,0,0,247,0,0,247,0,0,247,0,0
255,255,255,0,0,0,255,255,255,247,0,0,247,0,0,255,255,255,0,0,0,0,0,0,0,0,0,0,0,0,255,255,255,0,0,0,0,0,0,247,0,0,247,0,0,247,0,0,247,0,0,0,0,0,0,0,0,255,255,255,0,0,0,0,0,0,0,0,0,0,0,0,255,255,255,247,0,0,247,0,0,255,255,255,0,0,0,255,255,255,247,0,0,247,0,0,247,0,0,247,0,0,247,0,0,247,0,0,247,0,0,247,0,0,0,0,0,0,0,0,0,0,0,0,0,0,0,0,0,0,0,0,0,0,0,0,0,0,0,0,0,0,0,0,0,0,0,0,0,0,0,0,0,0,0,0,0,0,0,0,0,0,247,0,0,247,0,0,247,0,0,247,0,0,247,0,0,247,0,0,247,0,0,247,0,0
255,255,255,247,0,0,255,255,255,247,0,0,247,0,0,247,0,0,255,255,255,0,0,0,0,0,0,0,0,0,255,255,255,0,0,0,0,0,0,0,0,0,247,0,0,247,0,0,0,0,0,0,0,0,0,0,0,255,255,255,0,0,0,0,0,0,0,0,0,255,255,255,247,0,0,247,0,0,247,0,0,255,255,255,247,0,0,255,255,255,247,0,0,247,0,0,247,0,0,247,0,0,247,0,0,247,0,0,247,0,0,247,0,0,0,0,0,0,0,0,0,0,0,0,0,0,0,0,0,0,0,0,0,0,0,0,0,0,0,0,0,0,0,0,0,0,0,0,0,0,0,0,0,0,0,0,0,0,0,0,0,0,247,0,0,247,0,0,247,0,0,247,0,0,247,0,0,247,0,0,247,0,0,247,0,0
255,255,255,247,0,0,255,142,140,255,255,255,247,0,0,247,0,0,255,255,255,0,0,0,0,0,0,0,0,0,255,255,255,0,0,0,0,0,0,0,0,0,247,0,0,247,0,0,0,0,0,0,0,0,0,0,0,255,255,255,0,0,0,0,0,0,0,0,0,255,255,255,247,0,0,247,0,0,255,255,255,255,138,137,247,0,0,255,252,252,247,0,0,247,0,0,247,0,0,247,0,0,247,0,0,247,0,0,247,0,0,247,0,0,0,0,0,0,0,0,0,0,0,0,0,0,0,0,0,0,0,0,0,0,0,0,0,0,0,0,0,0,0,0,0,0,0,0,0,0,0,0,0,0,0,0,0,0,0,0,0,0,247,0,0,247,0,0,247,0,0,247,0,0,247,0,0,247,0,0,247,0,0,247,0,0
247,0,0,255,255,255,247,0,0,255,255,255,247,0,0,247,0,0,255,255,255,247,0,0,0,0,0,0,0,0,0,0,0,255,255,255,0,0,0,0,0,0,0,0,0,0,0,0,0,0,0,0,0,0,255,255,255,0,0,0,0,0,0,0,0,0,247,0,0,255,255,255,247,0,0,247,0,0,255,255,255,247,0,0,255,255,255,247,0,0,0,0,0,0,0,0,255,255,255,0,0,0,0,0,0,255,255,255,0,0,0,255,255,255,0,0,0,23,23,23,0,0,0,0,0,0,0,0,0,0,0,0,255,255,255,0,0,0,0,0,0,25,25,25,0,0,0,0,0,0,0,0,0,0,0,0,255,255,255,0,0,0,0,0,0,0,0,0,255,255,255,0,0,0,0,0,0,255,255,255,0,0,0,255,255,255
247,0,0,255,255,255,247,0,0,255,255,255,0,0,0,247,0,0,247,0,0,255,255,255,155,0,0,0,0,0,0,0,0,255,255,255,0,0,0,0,0,0,0,0,0,0,0,0,0,0,0,0,0,0,255,255,255,0,0,0,0,0,0,156,0,0,255,255,255,247,0,0,247,0,0,0,0,0,255,255,255,247,0,0,255,255,255,247,0,0,255,255,255,247,0,0,255,255,255,247,0,0,247,0,0,255,255,255,247,0,0,255,255,255,0,0,0,255,255,255,0,0,0,0,0,0,0,0,0,0,0,0,255,255,255,0,0,0,0,0,0,255,255,255,0,0,0,0,0,0,0,0,0,0,0,0,255,255,255,0,0,0,255,255,255,247,0,0,255,255,255,247,0,0,247,0,0,255,255,255,247,0,0,255,255,255
0,0,0,247,0,0,252,29,29,247,0,0,255,255,255,0,0,0,247,0,0,255,255,255,247,0,0,0,0,0,0,0,0,1,1,1,3,3,3,0,0,0,0,0,0,0,0,0,0,0,0,3,3,3,1,1,1,0,0,0,0,0,0,247,0,0,255,255,255,247,0,0,0,0,0,255,255,255,247,0,0,252,31,31,247,0,0,0,0,0,255,255,255,247,0,0,255,255,255,247,0,0,250,12,12,247,0,0,247,0,0,255,255,255,0,0,0,255,255,255,0,0,0,255,255,255,255,255,255,0,0,0,252,252,252,0,0,0,0,0,0,255,255,255,0,0,0,255,255,255,255,255,255,0,0,0,252,252,252,0,0,0,255,255,255,247,0,0,255,255,255,247,0,0,250,11,11,247,0,0,247,0,0,255,255,255
247,0,0,247,0,0,255,255,255,247,0,0,255,255,255,247,0,0,247,0,0,255,255,255,247,0,0,247,0,0,0,0,0,0,0,0,255,255,255,0,0,0,0,0,0,0,0,0,0,0,0,255,255,255,0,0,0,0,0,0,247,0,0,247,0,0,255,255,255,247,0,0,247,0,0,255,255,255,247,0,0,255,255,255,247,0,0,247,0,0,255,109,108,247,0,0,247,0,0,255,255,255,255,255,255,247,0,0,247,0,0,247,0,0,0,0,0,0,0,0,0,0,0,255,255,255,255,255,255,0,0,0,0,0,0,0,0,0,0,0,0,0,0,0,0,0,0,255,255,255,255,255,255,0,0,0,0,0,0,0,0,0,255,105,105,247,0,0,247,0,0,255,255,255,255,255,255,247,0,0,247,0,0,247,0,0
247,0,0,247,0,0,255,255,255,247,0,0,255,255,255,247,0,0,247,0,0,247,0,0,255,255,255,247,0,0,247,0,0,0,0,0,255,255,255,0,0,0,0,0,0,0,0,0,0,0,0,255,255,255,0,0,0,247,0,0,247,0,0,255,255,255,247,0,0,247,0,0,247,0,0,255,255,255,247,0,0,255,255,255,247,0,0,247,0,0,247,0,0,247,0,0,247,0,0,255,255,255,255,255,255,247,0,0,247,0,0,247,0,0,0,0,0,0,0,0,0,0,0,255,255,255,40,40,40,0,0,0,0,0,0,0,0,0,0,0,0,0,0,0,0,0,0,255,255,255,42,42,42,0,0,0,0,0,0,0,0,0,247,0,0,247,0,0,247,0,0,255,255,255,255,255,255,247,0,0,247,0,0,247,0,0
247,0,0,247,0,0,0,0,0,255,144,142,247,0,0,255,255,255,247,0,0,0,0,0,255,255,255,247,0,0,247,0,0,247,0,0,0,0,0,80,80,80,0,0,0,0,0,0,82,82,82,0,0,0,247,0,0,247,0,0,247,0,0,255,255,255,0,0,0,247,0,0,255,255,255,247,0,0,255,145,144,0,0,0,247,0,0,247,0,0,247,0,0,247,0,0,247,0,0,255,255,255,255,255,255,247,0,0,247,0,0,247,0,0,247,0,0,247,0,0,247,0,0,247,0,0,247,0,0,247,0,0,247,0,0,247,0,0,247,0,0,247,0,0,247,0,0,247,0,0,247,0,0,247,0,0,247,0,0,247,0,0,247,0,0,247,0,0,247,0,0,255,255,255,255,255,255,247,0,0,247,0,0,247,0,0
247,0,0,247,0,0,247,0,0,255,255,255,247,0,0,255,255,255,247,0,0,247,0,0,255,255,255,247,0,0,247,0,0,247,0,0,0,0,0,255,255,255,0,0,0,0,0,0,255,255,255,0,0,0,247,0,0,247,0,0,247,0,0,255,255,255,247,0,0,247,0,0,255,255,255,247,0,0,255,255,255,247,0,0,247,0,0,247,0,0,247,0,0,247,0,0,247,0,0,247,0,0,247,0,0,247,0,0,255,255,255,247,0,0,247,0,0,247,0,0,247,0,0,247,0,0,247,0,0,247,0,0,247,0,0,247,0,0,247,0,0,247,0,0,247,0,0,247,0,0,247,0,0,247,0,0,247,0,0,247,0,0,247,0,0,247,0,0,247,0,0,247,0,0,247,0,0,247,0,0,255,255,255,247,0,0
0,0,0,247,0,0,247,0,0,255,255,255,247,0,0,255,255,255,255,22,22,247,0,0,247,0,0,255,255,255,247,0,0,247,0,0,247,0,0,255,255,255,0,0,0,0,0,0,255,255,255,247,0,0,247,0,0,247,0,0,255,255,255,247,0,0,247,0,0,255,23,23,255,255,255,247,0,0,255,255,255,247,0,0,247,0,0,0,0,0,247,0,0,255,255,255,247,0,0,247,0,0,247,0,0,247,0,0,255,255,255,247,0,0,255,255,255,247,0,0,247,0,0,247,0,0,247,0,0,247,0,0,247,0,0,255,255,255,255,255,255,247,0,0,247,0,0,247,0,0,247,0,0,247,0,0,247,0,0,255,255,255,247,0,0,255,255,255,247,0,0,247,0,0,247,0,0,247,0,0,255,255,255,247,0,0
247,0,0,0,0,0,247,0,0,247,0,0,255,255,255,247,0,0,255,255,255,247,0,0,247,0,0,255,255,255,247,0,0,247,0,0,247,0,0,247,0,0,228,228,228,228,228,228,247,0,0,247,0,0,247,0,0,247,0,0,255,255,255,247,0,0,247,0,0,255,255,255,247,0,0,255,255,255,247,0,0,247,0,0,0,0,0,247,0,0,247,0,0,255,255,255,247,0,0,247,0,0,247,0,0,247,0,0,255,255,255,247,0,0,255,255,255,247,0,0,247,0,0,247,0,0,247,0,0,250,6,6,247,0,0,255,255,255,255,255,255,247,0,0,247,0,0,247,0,0,247,0,0,250,6,6,247,0,0,255,255,255,247,0,0,255,255,255,247,0,0,247,0,0,247,0,0,247,0,0,255,255,255,247,0,0
247,0,0,0,0,0,247,0,0,247,0,0,255,255,255,247,0,0,255,255,255,247,0,0,247,0,0,255,255,255,247,0,0,247,0,0,247,0,0,247,0,0,255,255,255,255,255,255,247,0,0,247,0,0,247,0,0,247,0,0,255,255,255,247,0,0,247,0,0,255,255,255,247,0,0,255,255,255,247,0,0,247,0,0,0,0,0,247,0,0,247,0,0,255,255,255,247,0,0,247,0,0,247,0,0,247,0,0,255,250,250,247,0,0,255,255,255,247,0,0,250,3,2,247,0,0,247,0,0,255,255,255,247,0,0,255,255,255,255,255,255,247,0,0,250,3,2,247,0,0,247,0,0,255,255,255,247,0,0,255,255,255,247,0,0,255,255,255,247,0,0,247,0,0,247,0,0,247,0,0,255,252,252,247,0,0
247,0,0,247,0,0,0,0,0,247,0,0,255,255,255,247,0,0,255,255,255,247,0,0,247,0,0,247,0,0,255,255,255,247,0,0,247,0,0,247,0,0,255,255,255,255,255,255,247,0,0,247,0,0,247,0,0,255,255,255,247,0,0,247,0,0,247,0,0,255,255,255,247,0,0,255,255,255,247,0,0,0,0,0,247,0,0,247,0,0,247,0,0,247,0,0,255,255,255,255,255,255,255,255,255,255,255,255,247,0,0,247,0,0,0,0,0,0,0,0,255,255,255,0,0,0,0,0,0,255,255,255,0,0,0,0,0,0,0,0,0,0,0,0,255,255,255,0,0,0,0,0,0,255,255,255,0,0,0,0,0,0,247,0,0,247,0,0,255,255,255,255,255,255,255,255,255,255,255,255,247,0,0,247,0,0
247,0,0,247,0,0,247,0,0,0,0,0,247,0,0,247,0,0,0,0,0,255,255,255,247,0,0,247,0,0,255,255,255,0,0,0,247,0,0,247,0,0,255,252,252,255,252,252,247,0,0,247,0,0,0,0,0,255,255,255,247,0,0,247,0,0,255,255,255,0,0,0,247,0,0,247,0,0,0,0,0,247,0,0,247,0,0,247,0,0,247,0,0,247,0,0,255,255,255,255,255,255,255,255,255,255,255,255,247,0,0,247,0,0,247,0,0,247,0,0,255,255,255,247,0,0,247,0,0,255,255,255,247,0,0,247,0,0,247,0,0,247,0,0,255,255,255,247,0,0,247,0,0,255,255,255,247,0,0,247,0,0,247,0,0,247,0,0,255,255,255,255,255,255,255,255,255,255,255,255,247,0,0,247,0,0
160,0,0,247,0,0,247,0,0,0,0,0,247,0,0,255,255,255,247,0,0,255,255,255,247,0,0,247,0,0,255,255,255,247,0,0,247,0,0,247,0,0,247,0,0,247,0,0,247,0,0,247,0,0,247,0,0,255,255,255,247,0,0,247,0,0,255,255,255,247,0,0,255,255,255,247,0,0,0,0,0,247,0,0,247,0,0,160,0,0,0,0,0,0,0,0,255,255,255,255,255,255,255,255,255,255,255,255,0,0,0,0,0,0,247,0,0,247,0,0,255,255,255,247,0,0,247,0,0,250,0,0,247,0,0,247,0,0,247,0,0,247,0,0,255,255,255,247,0,0,247,0,0,250,0,0,247,0,0,247,0,0,0,0,0,0,0,0,255,255,255,255,255,255,255,255,255,255,255,255,0,0,0,0,0,0
0,0,0,247,0,0,247,0,0,247,0,0,247,0,0,255,255,255,247,0,0,255,255,255,247,0,0,247,0,0,255,79,78,247,0,0,0,0,0,247,0,0,247,0,0,247,0,0,247,0,0,0,0,0,247,0,0,255,78,78,247,0,0,247,0,0,255,255,255,247,0,0,255,255,255,247,0,0,247,0,0,247,0,0,247,0,0,0,0,0,247,0,0,247,0,0,255,255,255,247,0,0,247,0,0,255,223,223,247,0,0,247,0,0,247,0,0,247,0,0,247,0,0,247,0,0,247,0,0,247,0,0,247,0,0,247,0,0,247,0,0,247,0,0,247,0,0,247,0,0,247,0,0,247,0,0,247,0,0,247,0,0,247,0,0,247,0,0,255,255,255,247,0,0,247,0,0,255,226,223,247,0,0,247,0,0
0,0,0,0,0,0,247,0,0,247,0,0,247,0,0,255,255,255,247,0,0,255,252,252,228,228,228,247,0,0,247,0,0,255,255,255,247,0,0,0,0,0,247,0,0,247,0,0,0,0,0,247,0,0,255,255,255,247,0,0,247,0,0,228,228,228,255,247,247,247,0,0,255,255,255,247,0,0,247,0,0,247,0,0,0,0,0,0,0,0,255,255,255,247,0,0,247,0,0,247,0,0,247,0,0,247,0,0,247,0,0,255,255,255,247,0,0,247,0,0,247,0,0,247,0,0,247,0,0,247,0,0,247,0,0,247,0,0,247,0,0,247,0,0,247,0,0,247,0,0,247,0,0,247,0,0,247,0,0,247,0,0,255,255,255,247,0,0,247,0,0,247,0,0,247,0,0,247,0,0,247,0,0,255,255,255
0,0,0,0,0,0,0,0,0,247,0,0,247,0,0,247,0,0,255,255,255,247,0,0,255,255,255,0,0,0,247,0,0,255,255,255,247,0,0,247,0,0,0,0,0,0,0,0,247,0,0,247,0,0,255,255,255,247,0,0,0,0,0,255,255,255,247,0,0,255,255,255,247,0,0,247,0,0,247,0,0,0,0,0,0,0,0,0,0,0,255,255,255,247,0,0,247,0,0,247,0,0,247,0,0,247,0,0,247,0,0,255,255,255,247,0,0,247,0,0,247,0,0,247,0,0,255,255,255,247,0,0,247,0,0,247,0,0,247,0,0,247,0,0,247,0,0,247,0,0,255,255,255,247,0,0,247,0,0,247,0,0,255,255,255,247,0,0,247,0,0,247,0,0,247,0,0,247,0,0,247,0,0,255,255,255
0,0,0,0,0,0,0,0,0,0,0,0,247,0,0,247,0,0,255,255,255,247,0,0,255,255,255,247,0,0,247,0,0,247,0,0,255,255,255,247,0,0,247,0,0,247,0,0,247,0,0,255,255,255,247,0,0,247,0,0,247,0,0,255,255,255,247,0,0,255,255,255,247,0,0,247,0,0,0,0,0,0,0,0,0,0,0,0,0,0,255,255,255,247,0,0,247,0,0,247,0,0,247,0,0,250,2,2,247,0,0,255,127,125,247,0,0,252,49,49,247,0,0,255,255,255,255,255,255,247,0,0,255,255,255,247,0,0,247,0,0,252,52,52,247,0,0,255,255,255,255,255,255,247,0,0,255,255,255,247,0,0,255,255,255,247,0,0,247,0,0,247,0,0,247,0,0,250,2,2,247,0,0,255,132,130
0,0,0,0,0,0,0,0,0,0,0,0,247,0,0,247,0,0,255,255,255,247,0,0,255,255,255,247,0,0,0,0,0,247,0,0,255,255,255,247,0,0,247,0,0,247,0,0,247,0,0,255,255,255,247,0,0,0,0,0,247,0,0,255,255,255,247,0,0,255,255,255,247,0,0,247,0,0,0,0,0,0,0,0,0,0,0,0,0,0,123,123,123,0,0,0,1,1,1,0,0,0,0,0,0,255,255,255,255,255,255,0,0,0,247,0,0,255,255,255,247,0,0,255,255,255,255,255,255,247,0,0,255,255,255,247,0,0,247,0,0,255,255,255,247,0,0,255,255,255,255,255,255,247,0,0,255,255,255,247,0,0,119,119,119,0,0,0,1,1,1,0,0,0,0,0,0,255,255,255,255,255,255,0,0,0
0,0,0,0,0,0,0,0,0,0,0,0,0,0,0,247,0,0,247,0,0,255,255,255,247,0,0,255,255,255,247,0,0,2,0,0,255,255,255,247,0,0,247,0,0,247,0,0,247,0,0,255,255,255,2,0,0,247,0,0,255,255,255,247,0,0,255,255,255,247,0,0,247,0,0,0,0,0,0,0,0,0,0,0,0,0,0,0,0,0,0,0,0,255,255,255,255,255,255,0,0,0,0,0,0,255,255,255,255,255,255,0,0,0,0,0,0,255,255,255,0,0,0,255,255,255,96,96,96,0,0,0,255,255,255,0,0,0,0,0,0,255,255,255,0,0,0,255,255,255,98,98,98,0,0,0,255,255,255,0,0,0,0,0,0,255,255,255,255,255,255,0,0,0,0,0,0,255,255,255,255,255,255,0,0,0
0,0,0,0,0,0,0,0,0,0,0,0,0,0,0,247,0,0,247,0,0,255,255,255,0,0,0,255,255,255,247,0,0,247,0,0,247,0,0,255,184,184,247,0,0,247,0,0,255,184,184,247,0,0,247,0,0,247,0,0,255,255,255,0,0,0,255,255,255,247,0,0,247,0,0,0,0,0,0,0,0,0,0,0,0,0,0,0,0,0,0,0,0,255,255,255,255,255,255,0,0,0,0,0,0,166,166,166,255,255,255,0,0,0,247,0,0,255,255,255,247,0,0,247,0,0,247,0,0,247,0,0,247,0,0,247,0,0,247,0,0,255,255,255,247,0,0,247,0,0,247,0,0,247,0,0,247,0,0,247,0,0,0,0,0,255,255,255,255,255,255,0,0,0,0,0,0,170,170,170,255,255,255,0,0,0
0,0,0,0,0,0,0,0,0,0,0,0,0,0,0,0,0,0,247,0,0,255,255,255,247,0,0,255,255,255,247,0,0,247,0,0,0,0,0,255,255,255,247,0,0,247,0,0,255,255,255,0,0,0,247,0,0,247,0,0,255,255,255,247,0,0,255,255,255,247,0,0,0,0,0,0,0,0,0,0,0,0,0,0,0,0,0,0,0,0,0,0,0,255,255,255,0,0,0,0,0,0,0,0,0,0,0,0,74,74,74,0,0,0,247,0,0,247,0,0,247,0,0,247,0,0,247,0,0,247,0,0,247,0,0,247,0,0,247,0,0,247,0,0,247,0,0,247,0,0,247,0,0,247,0,0,247,0,0,247,0,0,0,0,0,255,255,255,0,0,0,0,0,0,0,0,0,0,0,0,79,79,79,0,0,0
0,0,0,0,0,0,0,0,0,0,0,0,0,0,0,0,0,0,0,0,0,247,0,0,255,255,255,247,0,0,255,255,255,247,0,0,247,0,0,255,255,255,247,0,0,247,0,0,255,255,255,247,0,0,247,0,0,255,255,255,247,0,0,255,255,255,247,0,0,0,0,0,0,0,0,0,0,0,0,0,0,0,0,0,0,0,0,0,0,0,0,0,0,0,0,0,0,0,0,0,0,0,0,0,0,0,0,0,0,0,0,0,0,0,247,0,0,247,0,0,247,0,0,247,0,0,247,0,0,247,0,0,247,0,0,247,0,0,247,0,0,247,0,0,247,0,0,247,0,0,247,0,0,247,0,0,247,0,0,247,0,0,0,0,0,0,0,0,0,0,0,0,0,0,0,0,0,0,0,0,0,0,0,0,0,0
0,0,0,0,0,0,0,0,0,0,0,0,0,0,0,0,0,0,0,0,0,247,0,0,255,255,255,247,0,0,255,255,255,247,0,0,247,0,0,255,255,255,247,0,0,247,0,0,255,255,255,247,0,0,247,0,0,255,255,255,247,0,0,255,255,255,247,0,0,0,0,0,0,0,0,0,0,0,0,0,0,0,0,0,0,0,0,0,0,0,0,0,0,0,0,0,0,0,0,0,0,0,0,0,0,0,0,0,0,0,0,0,0,0,247,0,0,247,0,0,247,0,0,247,0,0,247,0,0,247,0,0,247,0,0,247,0,0,247,0,0,247,0,0,247,0,0,247,0,0,247,0,0,247,0,0,247,0,0,247,0,0,0,0,0,0,0,0,0,0,0,0,0,0,0,0,0,0,0,0,0,0,0,0,0,0
247,0,0,0,0,0,0,0,0,0,0,0,0,0,0,0,0,0,0,0,0,0,0,0,137,137,137,247,0,0,250,1,1,255,255,255,247,0,0,247,0,0,255,255,255,255,255,255,247,0,0,247,0,0,255,255,255,250,1,1,247,0,0,135,135,135,0,0,0,0,0,0,0,0,0,0,0,0,0,0,0,0,0,0,0,0,0,247,0,0,0,0,0,0,0,0,0,0,0,0,0,0,0,0,0,0,0,0,82,82,82,0,0,0,230,186,186,119,0,0,255,255,255,120,0,0,120,0,0,255,255,255,120,0,0,255,255,255,230,188,188,120,0,0,255,255,255,120,0,0,120,0,0,255,255,255,119,0,0,255,255,255,0,0,0,0,0,0,0,0,0,0,0,0,0,0,0,0,0,0,78,78,78,0,0,0
247,0,0,247,0,0,0,0,0,0,0,0,0,0,0,0,0,0,0,0,0,0,0,0,0,0,0,255,144,142,247,0,0,255,255,255,247,0,0,247,0,0,255,255,255,255,255,255,247,0,0,247,0,0,255,255,255,247,0,0,255,145,144,0,0,0,0,0,0,0,0,0,0,0,0,0,0,0,0,0,0,0,0,0,247,0,0,247,0,0,0,0,0,25,25,25,0,0,0,0,0,0,0,0,0,0,0,0,255,255,255,255,255,255,255,255,255,247,0,0,255,255,255,247,0,0,247,0,0,255,255,255,247,0,0,255,255,255,255,255,255,247,0,0,255,255,255,247,0,0,247,0,0,255,255,255,247,0,0,255,255,255,0,0,0,27,27,27,0,0,0,0,0,0,0,0,0,0,0,0,255,255,255,255,255,255
247,0,0,247,0,0,247,0,0,0,0,0,0,0,0,0,0,0,0,0,0,0,0,0,0,0,0,255,255,255,247,0,0,255,255,255,247,0,0,247,0,0,247,0,0,247,0,0,247,0,0,247,0,0,255,255,255,247,0,0,255,255,255,0,0,0,0,0,0,0,0,0,0,0,0,0,0,0,0,0,0,247,0,0,247,0,0,247,0,0,255,255,255,255,255,255,0,0,0,0,0,0,0,0,0,0,0,0,255,255,255,255,255,255,255,255,255,247,0,0,252,9,9,247,0,0,255,255,255,247,0,0,247,0,0,255,205,205,255,255,255,247,0,0,250,9,9,247,0,0,255,255,255,247,0,0,247,0,0,255,207,207,255,255,255,255,255,255,0,0,0,0,0,0,0,0,0,0,0,0,255,255,255,255,255,255
247,0,0,247,0,0,247,0,0,0,0,0,0,0,0,0,0,0,0,0,0,0,0,0,0,0,0,255,255,255,247,0,0,255,255,255,250,3,3,0,0,0,247,0,0,247,0,0,0,0,0,250,3,3,255,255,255,247,0,0,255,255,255,0,0,0,0,0,0,0,0,0,0,0,0,0,0,0,0,0,0,247,0,0,247,0,0,247,0,0,255,255,255,255,255,255,0,0,0,0,0,0,0,0,0,0,0,0,20,20,20,255,255,255,255,255,255,247,0,0,247,0,0,255,255,255,255,255,255,247,0,0,247,0,0,247,0,0,255,255,255,247,0,0,247,0,0,255,255,255,255,255,255,247,0,0,247,0,0,247,0,0,255,255,255,255,255,255,0,0,0,0,0,0,0,0,0,0,0,0,22,22,22,255,255,255
247,0,0,247,0,0,247,0,0,247,0,0,0,0,0,0,0,0,0,0,0,0,0,0,0,0,0,0,0,0,255,255,255,247,0,0,255,255,255,247,0,0,0,0,0,0,0,0,247,0,0,255,255,255,247,0,0,255,255,255,0,0,0,0,0,0,0,0,0,0,0,0,0,0,0,0,0,0,247,0,0,247,0,0,247,0,0,247,0,0,252,11,11,247,0,0,247,0,0,247,0,0,247,0,0,247,0,0,247,0,0,247,0,0,0,0,0,0,0,0,0,0,0,255,255,255,255,255,255,0,0,0,0,0,0,0,0,0,0,0,0,0,0,0,0,0,0,255,255,255,255,255,255,0,0,0,0,0,0,0,0,0,252,10,10,247,0,0,247,0,0,247,0,0,247,0,0,247,0,0,247,0,0,247,0,0
0,0,0,247,0,0,247,0,0,247,0,0,247,0,0,0,0,0,0,0,0,0,0,0,0,0,0,0,0,0,255,255,255,0,0,0,255,255,255,247,0,0,247,0,0,247,0,0,247,0,0,255,255,255,0,0,0,255,255,255,0,0,0,0,0,0,0,0,0,0,0,0,0,0,0,247,0,0,247,0,0,247,0,0,247,0,0,0,0,0,247,0,0,247,0,0,247,0,0,247,0,0,247,0,0,247,0,0,247,0,0,247,0,0,0,0,0,0,0,0,0,0,0,255,255,255,255,255,255,0,0,0,0,0,0,0,0,0,0,0,0,0,0,0,0,0,0,255,255,255,255,255,255,0,0,0,0,0,0,0,0,0,247,0,0,247,0,0,247,0,0,247,0,0,247,0,0,247,0,0,247,0,0,247,0,0
247,0,0,0,0,0,247,0,0,247,0,0,247,0,0,247,0,0,0,0,0,0,0,0,0,0,0,0,0,0,0,0,0,0,0,0,0,0,0,255,255,255,247,0,0,247,0,0,255,255,255,0,0,0,0,0,0,0,0,0,0,0,0,0,0,0,0,0,0,0,0,0,247,0,0,247,0,0,247,0,0,247,0,0,0,0,0,247,0,0,247,0,0,247,0,0,247,0,0,247,0,0,247,0,0,247,0,0,247,0,0,247,0,0,0,0,0,84,84,84,0,0,0,0,0,0,0,0,0,0,0,0,255,255,255,0,0,0,0,0,0,88,88,88,0,0,0,0,0,0,0,0,0,0,0,0,255,255,255,0,0,0,247,0,0,247,0,0,247,0,0,247,0,0,247,0,0,247,0,0,247,0,0,247,0,0
250,1,1,247,0,0,0,0,0,247,0,0,247,0,0,247,0,0,0,0,0,0,0,0,0,0,0,0,0,0,0,0,0,255,255,255,0,0,0,255,255,255,247,0,0,247,0,0,255,255,255,0,0,0,255,255,255,0,0,0,0,0,0,0,0,0,0,0,0,0,0,0,247,0,0,247,0,0,247,0,0,0,0,0,247,0,0,250,1,1,247,0,0,247,0,0,247,0,0,247,0,0,247,0,0,247,0,0,247,0,0,255,203,203,0,0,0,255,255,255,0,0,0,0,0,0,0,0,0,0,0,0,255,255,255,0,0,0,0,0,0,255,255,255,0,0,0,0,0,0,0,0,0,0,0,0,255,255,255,0,0,0,247,0,0,247,0,0,247,0,0,247,0,0,247,0,0,247,0,0,247,0,0,255,201,201
255,255,255,247,0,0,0,0,0,247,0,0,247,0,0,247,0,0,247,0,0,0,0,0,0,0,0,0,0,0,0,0,0,255,255,255,0,0,0,255,255,255,247,0,0,247,0,0,255,255,255,0,0,0,255,255,255,0,0,0,0,0,0,0,0,0,0,0,0,247,0,0,247,0,0,247,0,0,247,0,0,0,0,0,247,0,0,255,255,255,255,184,184,247,0,0,247,0,0,247,0,0,247,0,0,247,0,0,247,0,0,255,255,255,0,0,0,255,255,255,0,0,0,0,0,0,0,0,0,0,0,0,255,255,255,0,0,0,0,0,0,255,255,255,0,0,0,0,0,0,0,0,0,0,0,0,255,255,255,0,0,0,255,188,188,247,0,0,247,0,0,247,0,0,247,0,0,247,0,0,247,0,0,255,255,255
255,255,255,247,0,0,247,0,0,0,0,0,247,0,0,247,0,0,247,0,0,247,0,0,0,0,0,0,0,0,0,0,0,255,255,255,0,0,0,252,252,252,228,228,228,228,228,228,252,252,252,0,0,0,255,255,255,0,0,0,0,0,0,0,0,0,247,0,0,247,0,0,247,0,0,247,0,0,0,0,0,247,0,0,247,0,0,255,255,255,255,255,255,0,0,0,0,0,0,0,0,0,0,0,0,0,0,0,0,0,0,255,255,255,0,0,0,255,255,255,0,0,0,0,0,0,237,237,237,6,6,6,0,0,0,0,0,0,0,0,0,255,255,255,0,0,0,0,0,0,237,237,237,6,6,6,0,0,0,0,0,0,255,255,255,0,0,0,0,0,0,0,0,0,0,0,0,0,0,0,0,0,0,255,255,255
255,255,255,247,0,0,247,0,0,247,0,0,120,0,0,247,0,0,247,0,0,247,0,0,0,0,0,0,0,0,0,0,0,0,0,0,255,255,255,0,0,0,255,255,255,255,255,255,0,0,0,255,255,255,0,0,0,0,0,0,0,0,0,0,0,0,247,0,0,247,0,0,247,0,0,120,0,0,247,0,0,247,0,0,247,0,0,255,255,255,255,255,255,247,0,0,247,0,0,247,0,0,247,0,0,247,0,0,247,0,0,250,1,1,0,0,0,0,0,0,255,255,255,255,255,255,255,255,255,255,255,255,0,0,0,0,0,0,0,0,0,0,0,0,255,255,255,255,255,255,255,255,255,255,255,255,0,0,0,0,0,0,255,255,255,247,0,0,247,0,0,247,0,0,247,0,0,247,0,0,247,0,0,250,1,1
247,0,0,255,255,255,247,0,0,247,0,0,247,0,0,247,0,0,247,0,0,247,0,0,247,0,0,0,0,0,0,0,0,0,0,0,255,255,255,0,0,0,255,255,255,255,255,255,0,0,0,255,255,255,0,0,0,0,0,0,0,0,0,247,0,0,247,0,0,247,0,0,247,0,0,247,0,0,247,0,0,247,0,0,255,255,255,247,0,0,247,0,0,247,0,0,247,0,0,247,0,0,247,0,0,247,0,0,247,0,0,247,0,0,0,0,0,0,0,0,255,255,255,255,255,255,255,255,255,255,255,255,0,0,0,0,0,0,0,0,0,0,0,0,255,255,255,255,255,255,255,255,255,255,255,255,0,0,0,0,0,0,247,0,0,247,0,0,247,0,0,247,0,0,247,0,0,247,0,0,247,0,0,247,0,0
0,0,0,255,255,255,247,0,0,247,0,0,247,0,0,0,0,0,247,0,0,247,0,0,247,0,0,247,0,0,0,0,0,0,0,0,252,252,252,0,0,0,247,247,247,247,247,247,0,0,0,252,252,252,0,0,0,0,0,0,247,0,0,247,0,0,247,0,0,247,0,0,0,0,0,247,0,0,247,0,0,247,0,0,255,255,255,0,0,0,247,0,0,247,0,0,247,0,0,247,0,0,247,0,0,247,0,0,247,0,0,247,0,0,0,0,0,0,0,0,255,255,255,0,0,0,0,0,0,255,255,255,0,0,0,0,0,0,0,0,0,0,0,0,255,255,255,0,0,0,0,0,0,255,255,255,0,0,0,0,0,0,247,0,0,247,0,0,247,0,0,247,0,0,247,0,0,247,0,0,247,0,0,247,0,0
247,0,0,255,255,255,247,0,0,247,0,0,247,0,0,247,0,0,247,0,0,247,0,0,247,0,0,247,0,0,0,0,0,0,0,0,0,0,0,1,1,1,0,0,0,0,0,0,1,1,1,0,0,0,0,0,0,0,0,0,247,0,0,247,0,0,247,0,0,247,0,0,247,0,0,247,0,0,247,0,0,247,0,0,255,255,255,247,0,0,247,0,0,247,0,0,247,0,0,247,0,0,247,0,0,247,0,0,247,0,0,247,0,0,0,0,0,0,0,0,255,255,255,0,0,0,0,0,0,0,0,0,0,0,0,0,0,0,0,0,0,0,0,0,255,255,255,0,0,0,0,0,0,0,0,0,0,0,0,0,0,0,247,0,0,247,0,0,247,0,0,247,0,0,247,0,0,247,0,0,247,0,0,247,0,0
247,0,0,247,0,0,255,255,255,247,0,0,247,0,0,247,0,0,247,0,0,247,0,0,247,0,0,247,0,0,247,0,0,0,0,0,0,0,0,255,255,255,0,0,0,0,0,0,255,255,255,0,0,0,0,0,0,247,0,0,247,0,0,247,0,0,247,0,0,247,0,0,247,0,0,247,0,0,247,0,0,255,255,255,247,0,0,247,0,0,247,0,0,247,0,0,247,0,0,247,0,0,247,0,0,247,0,0,247,0,0,247,0,0,255,255,255,0,0,0,0,0,0,0,0,0,0,0,0,0,0,0,0,0,0,255,255,255,255,255,255,0,0,0,0,0,0,0,0,0,0,0,0,0,0,0,0,0,0,255,255,255,247,0,0,247,0,0,247,0,0,247,0,0,247,0,0,247,0,0,247,0,0,247,0,0
247,0,0,247,0,0,255,255,255,247,0,0,247,0,0,247,0,0,247,0,0,0,0,0,247,0,0,247,0,0,247,0,0,247,0,0,0,0,0,255,255,255,0,0,0,0,0,0,255,255,255,0,0,0,247,0,0,247,0,0,247,0,0,247,0,0,0,0,0,247,0,0,247,0,0,247,0,0,247,0,0,255,255,255,247,0,0,247,0,0,247,0,0,247,0,0,247,0,0,247,0,0,247,0,0,247,0,0,247,0,0,247,0,0,255,255,255,247,0,0,247,0,0,247,0,0,247,0,0,247,0,0,247,0,0,255,255,255,255,255,255,247,0,0,247,0,0,247,0,0,247,0,0,247,0,0,247,0,0,255,255,255,247,0,0,247,0,0,247,0,0,247,0,0,247,0,0,247,0,0,247,0,0,247,0,0
247,0,0,247,0,0,255,250,250,0,0,0,247,0,0,247,0,0,247,0,0,247,0,0,0,0,0,247,0,0,247,0,0,247,0,0,247,0,0,0,0,0,255,255,255,255,255,255,0,0,0,247,0,0,247,0,0,247,0,0,247,0,0,0,0,0,247,0,0,247,0,0,247,0,0,247,0,0,0,0,0,255,242,242,247,0,0,247,0,0,46,0,0,46,0,0,45,0,0,45,0,0,44,0,0,44,0,0,43,0,0,43,0,0,255,255,255,247,0,0,247,0,0,247,0,0,247,0,0,255,255,255,255,84,83,247,0,0,255,255,255,247,0,0,247,0,0,247,0,0,247,0,0,255,255,255,255,80,80,247,0,0,43,0,0,43,0,0,44,0,0,44,0,0,45,0,0,45,0,0,46,0,0,46,0,0
0,0,0,247,0,0,247,0,0,255,255,255,247,0,0,247,0,0,247,0,0,247,0,0,27,0,0,247,0,0,247,0,0,247,0,0,247,0,0,0,0,0,255,255,255,255,255,255,0,0,0,247,0,0,247,0,0,247,0,0,247,0,0,27,0,0,247,0,0,247,0,0,247,0,0,247,0,0,255,255,255,247,0,0,247,0,0,0,0,0,0,0,0,0,0,0,0,0,0,0,0,0,0,0,0,0,0,0,0,0,0,0,0,0,247,0,0,255,83,82,255,255,255,247,0,0,247,0,0,255,255,255,255,255,255,247,0,0,247,0,0,255,85,85,255,255,255,247,0,0,247,0,0,255,255,255,255,255,255,247,0,0,0,0,0,0,0,0,0,0,0,0,0,0,0,0,0,0,0,0,0,0,0,0,0,0
247,0,0,0,0,0,247,0,0,255,255,255,120,0,0,247,0,0,247,0,0,247,0,0,247,0,0,0,0,0,247,0,0,247,0,0,247,0,0,247,0,0,255,255,255,255,255,255,247,0,0,247,0,0,247,0,0,247,0,0,0,0,0,247,0,0,247,0,0,247,0,0,247,0,0,120,0,0,255,255,255,247,0,0,0,0,0,247,0,0,247,0,0,247,0,0,247,0,0,247,0,0,247,0,0,247,0,0,247,0,0,247,0,0,247,0,0,255,255,255,255,255,255,247,0,0,247,0,0,255,255,255,255,255,255,247,0,0,247,0,0,255,255,255,255,255,255,247,0,0,247,0,0,255,255,255,255,255,255,247,0,0,247,0,0,247,0,0,247,0,0,247,0,0,247,0,0,247,0,0,247,0,0,247,0,0
247,0,0,247,0,0,247,0,0,255,255,255,247,0,0,0,0,0,247,0,0,247,0,0,247,0,0,247,0,0,0,0,0,247,0,0,247,0,0,247,0,0,0,0,0,0,0,0,247,0,0,247,0,0,247,0,0,0,0,0,247,0,0,247,0,0,247,0,0,247,0,0,0,0,0,247,0,0,255,255,255,247,0,0,247,0,0,247,0,0,247,0,0,247,0,0,247,0,0,247,0,0,247,0,0,247,0,0,247,0,0,247,0,0,247,0,0,255,255,255,255,255,255,247,0,0,247,0,0,247,0,0,255,255,255,247,0,0,247,0,0,255,255,255,255,255,255,247,0,0,247,0,0,247,0,0,255,255,255,247,0,0,247,0,0,247,0,0,247,0,0,247,0,0,247,0,0,247,0,0,247,0,0,247,0,0
247,0,0,247,0,0,0,0,0,255,79,78,247,0,0,0,0,0,247,0,0,247,0,0,247,0,0,247,0,0,0,0,0,247,0,0,247,0,0,247,0,0,247,0,0,247,0,0,247,0,0,247,0,0,247,0,0,0,0,0,247,0,0,247,0,0,247,0,0,247,0,0,0,0,0,247,0,0,255,77,75,0,0,0,247,0,0,247,0,0,247,0,0,247,0,0,247,0,0,247,0,0,247,0,0,247,0,0,247,0,0,247,0,0,247,0,0,255,255,255,247,0,0,247,0,0,247,0,0,247,0,0,255,250,250,247,0,0,247,0,0,255,255,255,247,0,0,247,0,0,247,0,0,247,0,0,255,250,250,247,0,0,247,0,0,247,0,0,247,0,0,247,0,0,247,0,0,247,0,0,247,0,0,247,0,0
247,0,0,247,0,0,247,0,0,247,0,0,255,255,255,247,0,0,0,0,0,247,0,0,247,0,0,247,0,0,247,0,0,0,0,0,247,0,0,247,0,0,247,0,0,247,0,0,247,0,0,247,0,0,0,0,0,247,0,0,247,0,0,247,0,0,247,0,0,0,0,0,247,0,0,255,255,255,247,0,0,247,0,0,247,0,0,247,0,0,247,0,0,247,0,0,247,0,0,247,0,0,250,0,0,247,0,0,247,0,0,247,0,0,0,0,0,0,0,0,0,0,0,0,0,0,0,0,0,0,0,0,0,0,0,0,0,0,0,0,0,0,0,0,0,0,0,0,0,0,0,0,0,0,0,0,0,0,0,0,0,0,247,0,0,247,0,0,247,0,0,247,0,0,250,0,0,247,0,0,247,0,0,247,0,0
0,0,0,247,0,0,247,0,0,63,0,0,255,255,255,247,0,0,247,0,0,120,0,0,247,0,0,247,0,0,247,0,0,247,0,0,0,0,0,247,0,0,247,0,0,247,0,0,247,0,0,0,0,0,247,0,0,247,0,0,247,0,0,247,0,0,120,0,0,247,0,0,247,0,0,255,255,255,63,0,0,247,0,0,247,0,0,0,0,0,0,0,0,0,0,0,0,0,0,255,255,255,255,255,255,0,0,0,0,0,0,0,0,0,247,0,0,247,0,0,247,0,0,247,0,0,247,0,0,247,0,0,247,0,0,247,0,0,247,0,0,247,0,0,247,0,0,247,0,0,247,0,0,247,0,0,247,0,0,247,0,0,0,0,0,0,0,0,0,0,0,255,255,255,255,255,255,0,0,0,0,0,0,0,0,0
0,0,0,247,0,0,247,0,0,247,0,0,21,21,21,247,0,0,247,0,0,247,0,0,247,0,0,247,0,0,247,0,0,247,0,0,247,0,0,247,0,0,247,0,0,247,0,0,247,0,0,247,0,0,247,0,0,247,0,0,247,0,0,247,0,0,247,0,0,247,0,0,247,0,0,21,21,21,247,0,0,247,0,0,247,0,0,0,0,0,247,0,0,247,0,0,247,0,0,255,255,255,255,255,255,247,0,0,247,0,0,247,0,0,247,0,0,247,0,0,247,0,0,247,0,0,247,0,0,247,0,0,247,0,0,247,0,0,247,0,0,247,0,0,247,0,0,247,0,0,247,0,0,247,0,0,247,0,0,247,0,0,247,0,0,247,0,0,247,0,0,255,255,255,255,255,255,247,0,0,247,0,0,247,0,0
0,0,0,0,0,0,247,0,0,247,0,0,0,0,0,255,255,255,247,0,0,247,0,0,247,0,0,247,0,0,247,0,0,247,0,0,247,0,0,120,0,0,247,0,0,247,0,0,120,0,0,247,0,0,247,0,0,247,0,0,247,0,0,247,0,0,247,0,0,247,0,0,255,255,255,0,0,0,247,0,0,247,0,0,0,0,0,0,0,0,247,0,0,247,0,0,247,0,0,255,255,255,255,255,255,247,0,0,247,0,0,247,0,0,247,0,0,247,0,0,247,0,0,247,0,0,247,0,0,247,0,0,252,1,1,247,0,0,247,0,0,247,0,0,247,0,0,247,0,0,247,0,0,247,0,0,250,1,1,247,0,0,247,0,0,247,0,0,247,0,0,255,255,255,255,255,255,247,0,0,247,0,0,247,0,0
255,255,255,0,0,0,0,0,0,247,0,0,247,0,0,255,255,255,247,0,0,247,0,0,247,0,0,0,0,0,247,0,0,247,0,0,247,0,0,247,0,0,0,0,0,0,0,0,247,0,0,247,0,0,247,0,0,247,0,0,0,0,0,247,0,0,247,0,0,247,0,0,255,255,255,247,0,0,247,0,0,0,0,0,0,0,0,255,255,255,247,0,0,247,0,0,247,0,0,247,0,0,247,0,0,247,0,0,247,0,0,247,0,0,255,255,255,255,255,255,247,0,0,247,0,0,247,0,0,247,0,0,255,255,255,255,255,255,255,255,255,255,255,255,247,0,0,247,0,0,247,0,0,247,0,0,255,255,255,255,255,255,247,0,0,247,0,0,247,0,0,247,0,0,247,0,0,247,0,0,247,0,0,247,0,0
255,255,255,0,0,0,0,0,0,247,0,0,247,0,0,255,255,255,0,0,0,247,0,0,247,0,0,2,0,0,247,0,0,247,0,0,247,0,0,247,0,0,0,0,0,0,0,0,247,0,0,247,0,0,247,0,0,247,0,0,2,0,0,247,0,0,247,0,0,0,0,0,255,255,255,247,0,0,247,0,0,0,0,0,0,0,0,255,255,255,247,0,0,247,0,0,247,0,0,247,0,0,247,0,0,247,0,0,247,0,0,247,0,0,255,255,255,255,255,255,247,0,0,247,0,0,247,0,0,247,0,0,255,255,255,255,255,255,255,255,255,255,255,255,247,0,0,247,0,0,247,0,0,247,0,0,255,255,255,255,255,255,247,0,0,247,0,0,247,0,0,247,0,0,247,0,0,247,0,0,247,0,0,247,0,0
0,0,0,78,78,78,0,0,0,0,0,0,247,0,0,247,0,0,255,255,255,0,0,0,247,0,0,247,0,0,0,0,0,247,0,0,247,0,0,247,0,0,247,0,0,247,0,0,247,0,0,247,0,0,247,0,0,0,0,0,247,0,0,247,0,0,0,0,0,255,255,255,247,0,0,247,0,0,0,0,0,0,0,0,80,80,80,0,0,0,0,0,0,0,0,0,0,0,0,0,0,0,0,0,0,0,0,0,0,0,0,0,0,0,255,255,255,247,0,0,247,0,0,247,0,0,247,0,0,247,0,0,247,0,0,255,127,125,255,255,255,247,0,0,247,0,0,247,0,0,247,0,0,247,0,0,247,0,0,255,130,128,0,0,0,0,0,0,0,0,0,0,0,0,0,0,0,0,0,0,0,0,0,0,0,0
0,0,0,255,255,255,0,0,0,0,0,0,0,0,0,247,0,0,255,255,255,247,0,0,247,0,0,247,0,0,247,0,0,2,0,0,247,0,0,247,0,0,247,0,0,247,0,0,247,0,0,247,0,0,2,0,0,247,0,0,247,0,0,247,0,0,247,0,0,255,255,255,247,0,0,0,0,0,0,0,0,0,0,0,255,255,255,0,0,0,0,0,0,0,0,0,0,0,0,0,0,0,0,0,0,40,40,40,0,0,0,0,0,0,0,0,0,0,0,0,0,0,0,0,0,0,0,0,0,0,0,0,0,0,0,0,0,0,0,0,0,0,0,0,0,0,0,0,0,0,0,0,0,0,0,0,0,0,0,0,0,0,0,0,0,0,0,0,0,0,0,0,0,0,0,0,0,38,38,38,0,0,0,0,0,0
0,0,0,255,255,255,0,0,0,0,0,0,0,0,0,247,0,0,255,255,255,247,0,0,65,0,0,247,0,0,247,0,0,0,0,0,247,0,0,247,0,0,247,0,0,247,0,0,247,0,0,247,0,0,0,0,0,247,0,0,247,0,0,64,0,0,247,0,0,255,255,255,247,0,0,0,0,0,0,0,0,0,0,0,255,255,255,0,0,0,0,0,0,0,0,0,17,17,17,0,0,0,0,0,0,255,255,255,0,0,0,0,0,0,247,0,0,247,0,0,247,0,0,247,0,0,247,0,0,247,0,0,247,0,0,247,0,0,247,0,0,247,0,0,247,0,0,247,0,0,247,0,0,247,0,0,247,0,0,247,0,0,0,0,0,0,0,0,18,18,18,0,0,0,0,0,0,255,255,255,0,0,0,0,0,0
0,0,0,0,0,0,228,228,228,0,0,0,0,0,0,0,0,0,247,0,0,255,255,255,247,0,0,0,0,0,247,0,0,247,0,0,247,0,0,247,0,0,247,0,0,247,0,0,247,0,0,247,0,0,247,0,0,247,0,0,0,0,0,247,0,0,255,255,255,247,0,0,0,0,0,0,0,0,0,0,0,228,228,228,0,0,0,0,0,0,0,0,0,0,0,0,255,255,255,0,0,0,0,0,0,255,255,255,0,0,0,0,0,0,247,0,0,247,0,0,247,0,0,247,0,0,247,0,0,247,0,0,247,0,0,247,0,0,247,0,0,247,0,0,247,0,0,247,0,0,247,0,0,247,0,0,247,0,0,247,0,0,0,0,0,0,0,0,255,255,255,0,0,0,0,0,0,255,255,255,0,0,0,0,0,0
0,0,0,0,0,0,255,255,255,0,0,0,0,0,0,0,0,0,0,0,0,255,255,255,247,0,0,0,0,0,247,0,0,247,0,0,247,0,0,247,0,0,247,0,0,247,0,0,247,0,0,247,0,0,247,0,0,247,0,0,0,0,0,247,0,0,255,255,255,0,0,0,0,0,0,0,0,0,0,0,0,255,255,255,0,0,0,0,0,0,0,0,0,0,0,0,255,255,255,0,0,0,0,0,0,255,255,255,0,0,0,0,0,0,247,0,0,247,0,0,247,0,0,247,0,0,247,0,0,247,0,0,247,0,0,252,45,44,247,0,0,247,0,0,247,0,0,247,0,0,247,0,0,247,0,0,247,0,0,252,42,42,0,0,0,0,0,0,255,255,255,0,0,0,0,0,0,255,255,255,0,0,0,0,0,0
0,0,0,0,0,0,255,255,255,0,0,0,0,0,0,0,0,0,0,0,0,255,255,255,247,0,0,247,0,0,0,0,0,247,0,0,247,0,0,120,0,0,247,0,0,247,0,0,120,0,0,247,0,0,247,0,0,0,0,0,247,0,0,247,0,0,255,255,255,0,0,0,0,0,0,0,0,0,0,0,0,255,255,255,0,0,0,0,0,0,0,0,0,0,0,0,0,0,0,0,0,0,0,0,0,0,0,0,0,0,0,0,0,0,255,255,255,247,0,0,247,0,0,247,0,0,247,0,0,247,0,0,247,0,0,255,255,255,255,255,255,247,0,0,247,0,0,247,0,0,247,0,0,247,0,0,247,0,0,255,255,255,0,0,0,0,0,0,0,0,0,0,0,0,0,0,0,0,0,0,0,0,0,0,0,0
247,0,0,0,0,0,252,252,252,0,0,0,0,0,0,0,0,0,0,0,0,0,0,0,255,255,255,247,0,0,247,0,0,0,0,0,247,0,0,247,0,0,0,0,0,0,0,0,247,0,0,247,0,0,0,0,0,247,0,0,247,0,0,255,255,255,0,0,0,0,0,0,0,0,0,0,0,0,0,0,0,250,250,250,0,0,0,247,0,0,0,0,0,0,0,0,0,0,0,0,0,0,0,0,0,0,0,0,0,0,0,0,0,0,255,255,255,0,0,0,0,0,0,0,0,0,0,0,0,0,0,0,0,0,0,255,255,255,255,255,255,0,0,0,0,0,0,0,0,0,0,0,0,0,0,0,0,0,0,255,255,255,0,0,0,0,0,0,0,0,0,0,0,0,0,0,0,0,0,0,0,0,0,0,0,0
247,0,0,247,0,0,0,0,0,255,255,255,0,0,0,0,0,0,0,0,0,0,0,0,255,255,255,247,0,0,247,0,0,247,0,0,247,0,0,247,0,0,247,0,0,247,0,0,247,0,0,247,0,0,247,0,0,247,0,0,247,0,0,255,255,255,0,0,0,0,0,0,0,0,0,0,0,0,255,255,255,0,0,0,247,0,0,247,0,0,0,0,0,0,0,0,0,0,0,0,0,0,0,0,0,0,0,0,0,0,0,0,0,0,252,78,78,247,0,0,247,0,0,247,0,0,247,0,0,247,0,0,247,0,0,247,0,0,252,75,74,247,0,0,247,0,0,247,0,0,247,0,0,247,0,0,247,0,0,247,0,0,0,0,0,0,0,0,0,0,0,0,0,0,0,0,0,0,0,0,0,0,0,0,0,0
247,0,0,247,0,0,247,0,0,255,255,255,0,0,0,0,0,0,0,0,0,0,0,0,250,250,250,0,0,0,247,0,0,247,0,0,247,0,0,247,0,0,247,0,0,247,0,0,247,0,0,247,0,0,247,0,0,247,0,0,0,0,0,245,245,245,0,0,0,0,0,0,0,0,0,0,0,0,255,255,255,247,0,0,247,0,0,247,0,0,0,0,0,0,0,0,0,0,0,0,0,0,0,0,0,0,0,0,184,184,184,0,0,0,247,0,0,247,0,0,247,0,0,247,0,0,247,0,0,247,0,0,247,0,0,247,0,0,247,0,0,247,0,0,247,0,0,247,0,0,247,0,0,247,0,0,247,0,0,247,0,0,0,0,0,0,0,0,0,0,0,0,0,0,0,0,0,0,0,0,182,182,182,0,0,0
247,0,0,247,0,0,247,0,0,182,182,182,0,0,0,0,0,0,0,0,0,0,0,0,0,0,0,255,255,255,247,0,0,247,0,0,247,0,0,0,0,0,247,0,0,247,0,0,0,0,0,247,0,0,247,0,0,247,0,0,255,255,255,0,0,0,0,0,0,0,0,0,0,0,0,0,0,0,178,178,178,247,0,0,247,0,0,247,0,0,0,0,0,255,255,255,0,0,0,0,0,0,0,0,0,0,0,0,255,255,255,0,0,0,247,0,0,247,0,0,247,0,0,247,0,0,247,0,0,247,0,0,247,0,0,247,0,0,247,0,0,247,0,0,247,0,0,247,0,0,247,0,0,247,0,0,247,0,0,247,0,0,0,0,0,255,255,255,0,0,0,0,0,0,0,0,0,0,0,0,255,255,255,0,0,0
247,0,0,247,0,0,247,0,0,247,0,0,255,255,255,0,0,0,0,0,0,0,0,0,0,0,0,255,255,255,0,0,0,247,0,0,247,0,0,247,0,0,247,0,0,247,0,0,247,0,0,247,0,0,247,0,0,0,0,0,255,255,255,0,0,0,0,0,0,0,0,0,0,0,0,255,255,255,247,0,0,247,0,0,247,0,0,247,0,0,247,0,0,255,255,255,247,0,0,247,0,0,250,12,12,247,0,0,255,255,255,247,0,0,247,0,0,247,0,0,247,0,0,247,0,0,247,0,0,247,0,0,247,0,0,247,0,0,247,0,0,247,0,0,247,0,0,247,0,0,247,0,0,247,0,0,247,0,0,247,0,0,247,0,0,255,255,255,247,0,0,247,0,0,250,11,11,247,0,0,255,255,255,247,0,0
255,255,255,247,0,0,247,0,0,247,0,0,255,255,255,0,0,0,0,0,0,0,0,0,0,0,0,77,77,77,0,0,0,0,0,0,247,0,0,247,0,0,247,0,0,247,0,0,247,0,0,247,0,0,0,0,0,0,0,0,75,75,75,0,0,0,0,0,0,0,0,0,0,0,0,255,255,255,247,0,0,247,0,0,247,0,0,255,255,255,247,0,0,255,172,172,247,0,0,255,255,255,255,255,255,247,0,0,247,0,0,247,0,0,0,0,0,0,0,0,0,0,0,0,0,0,0,0,0,0,0,0,0,0,0,0,0,0,0,0,0,0,0,0,0,0,0,0,0,0,0,0,0,0,0,0,0,0,0,0,0,0,247,0,0,255,168,168,247,0,0,255,255,255,255,255,255,247,0,0,247,0,0,247,0,0
255,255,255,0,0,0,247,0,0,247,0,0,255,78,78,0,0,0,0,0,0,0,0,0,0,0,0,0,0,0,255,255,255,0,0,0,0,0,0,247,0,0,247,0,0,247,0,0,247,0,0,0,0,0,0,0,0,255,255,255,0,0,0,0,0,0,0,0,0,0,0,0,0,0,0,255,75,75,247,0,0,247,0,0,0,0,0,255,255,255,247,0,0,247,0,0,247,0,0,255,255,255,255,255,255,247,0,0,247,0,0,247,0,0,0,0,0,0,0,0,0,0,0,0,0,0,0,0,0,0,0,0,0,0,0,0,0,0,0,0,0,0,0,0,0,0,0,0,0,0,0,0,0,0,0,0,0,0,0,0,0,0,247,0,0,247,0,0,247,0,0,255,255,255,255,255,255,247,0,0,247,0,0,247,0,0
255,255,255,0,0,0,247,0,0,247,0,0,247,0,0,255,255,255,0,0,0,0,0,0,0,0,0,0,0,0,255,255,255,0,0,0,0,0,0,247,0,0,247,0,0,247,0,0,247,0,0,0,0,0,0,0,0,255,255,255,0,0,0,0,0,0,0,0,0,0,0,0,255,255,255,247,0,0,247,0,0,247,0,0,0,0,0,255,255,255,247,0,0,247,0,0,247,0,0,255,255,255,255,255,255,247,0,0,247,0,0,247,0,0,0,0,0,0,0,0,0,0,0,0,0,0,0,0,0,0,0,0,0,0,0,0,0,0,0,0,0,0,0,0,0,0,0,0,0,0,0,0,0,0,0,0,0,0,0,0,0,0,247,0,0,247,0,0,247,0,0,255,255,255,255,255,255,247,0,0,247,0,0,247,0,0
247,0,0,255,255,255,247,0,0,247,0,0,247,0,0,255,255,255,247,0,0,0,0,0,0,0,0,0,0,0,21,21,21,0,0,0,0,0,0,0,0,0,247,0,0,247,0,0,0,0,0,0,0,0,0,0,0,21,21,21,0,0,0,0,0,0,0,0,0,247,0,0,255,255,255,247,0,0,247,0,0,247,0,0,255,255,255,247,0,0,247,0,0,247,0,0,247,0,0,247,0,0,247,0,0,247,0,0,247,0,0,247,0,0,0,0,0,0,0,0,0,0,0,0,0,0,0,0,0,0,0,0,0,0,0,0,0,0,0,0,0,0,0,0,0,0,0,0,0,0,0,0,0,0,0,0,0,0,0,0,0,0,247,0,0,247,0,0,247,0,0,247,0,0,247,0,0,247,0,0,247,0,0,247,0,0
247,0,0,255,255,255,247,0,0,0,0,0,247,0,0,255,255,255,247,0,0,0,0,0,0,0,0,0,0,0,0,0,0,255,255,255,0,0,0,0,0,0,247,0,0,247,0,0,0,0,0,0,0,0,255,255,255,0,0,0,0,0,0,0,0,0,0,0,0,247,0,0,255,255,255,247,0,0,0,0,0,247,0,0,255,255,255,247,0,0,247,0,0,247,0,0,247,0,0,247,0,0,247,0,0,247,0,0,247,0,0,247,0,0,0,0,0,0,0,0,0,0,0,0,0,0,0,0,0,0,0,0,0,0,0,0,0,0,0,0,0,0,0,0,0,0,0,0,0,0,0,0,0,0,0,0,0,0,0,0,0,0,247,0,0,247,0,0,247,0,0,247,0,0,247,0,0,247,0,0,247,0,0,247,0,0
247,0,0,255,255,255,247,0,0,63,0,0,247,0,0,247,0,0,255,255,255,247,0,0,0,0,0,0,0,0,0,0,0,255,255,255,0,0,0,0,0,0,0,0,0,0,0,0,0,0,0,0,0,0,255,255,255,0,0,0,0,0,0,0,0,0,247,0,0,255,255,255,247,0,0,247,0,0,63,0,0,247,0,0,255,255,255,247,0,0,230,230,230,0,0,0,0,0,0,0,0,0,0,0,0,0,0,0,0,0,0,255,255,255,0,0,0,0,0,0,0,0,0,0,0,0,0,0,0,0,0,0,0,0,0,0,0,0,0,0,0,0,0,0,0,0,0,0,0,0,0,0,0,0,0,0,0,0,0,0,0,0,230,230,230,0,0,0,0,0,0,0,0,0,0,0,0,0,0,0,0,0,0,255,255,255
247,0,0,247,0,0,255,255,255,247,0,0,0,0,0,247,0,0,255,255,255,247,0,0,247,0,0,0,0,0,0,0,0,255,255,255,0,0,0,0,0,0,0,0,0,0,0,0,0,0,0,0,0,0,255,255,255,0,0,0,0,0,0,247,0,0,247,0,0,255,255,255,247,0,0,0,0,0,247,0,0,255,255,255,247,0,0,247,0,0,255,255,255,247,0,0,247,0,0,247,0,0,247,0,0,255,115,114,247,0,0,255,255,255,0,0,0,0,0,0,0,0,0,0,0,0,255,255,255,0,0,0,0,0,0,0,0,0,0,0,0,0,0,0,0,0,0,0,0,0,255,255,255,0,0,0,0,0,0,0,0,0,255,255,255,247,0,0,247,0,0,247,0,0,247,0,0,255,112,112,247,0,0,255,255,255
0,0,0,247,0,0,255,255,255,247,0,0,247,0,0,0,0,0,255,255,255,247,0,0,247,0,0,0,0,0,0,0,0,0,0,0,255,255,255,0,0,0,0,0,0,0,0,0,0,0,0,255,255,255,0,0,0,0,0,0,0,0,0,247,0,0,247,0,0,255,255,255,0,0,0,247,0,0,247,0,0,255,255,255,247,0,0,0,0,0,255,255,255,247,0,0,255,255,255,247,0,0,247,0,0,255,255,255,247,0,0,252,12,12,0,0,0,0,0,0,0,0,0,255,255,255,255,255,255,0,0,0,0,0,0,0,0,0,0,0,0,0,0,0,0,0,0,255,255,255,255,255,255,0,0,0,0,0,0,0,0,0,255,255,255,247,0,0,255,255,255,247,0,0,247,0,0,255,255,255,247,0,0,252,14,13
0,0,0,247,0,0,255,255,255,247,0,0,247,0,0,0,0,0,247,0,0,255,80,79,247,0,0,247,0,0,0,0,0,0,0,0,255,255,255,0,0,0,0,0,0,0,0,0,0,0,0,255,255,255,0,0,0,0,0,0,247,0,0,247,0,0,255,82,80,247,0,0,0,0,0,247,0,0,247,0,0,255,255,255,247,0,0,0,0,0,252,46,45,247,0,0,255,255,255,247,0,0,247,0,0,255,255,255,247,0,0,247,0,0,0,0,0,0,0,0,0,0,0,255,255,255,255,255,255,0,0,0,0,0,0,0,0,0,0,0,0,0,0,0,0,0,0,255,255,255,255,255,255,0,0,0,0,0,0,0,0,0,252,42,42,247,0,0,255,255,255,247,0,0,247,0,0,255,255,255,247,0,0,247,0,0
247,0,0,0,0,0,255,255,255,247,0,0,247,0,0,247,0,0,0,0,0,255,255,255,247,0,0,247,0,0,0,0,0,0,0,0,255,255,255,0,0,0,0,0,0,0,0,0,0,0,0,255,255,255,0,0,0,0,0,0,247,0,0,247,0,0,255,255,255,0,0,0,247,0,0,247,0,0,247,0,0,255,255,255,0,0,0,247,0,0,247,0,0,247,0,0,255,255,255,247,0,0,247,0,0,255,255,255,247,0,0,247,0,0,0,0,0,0,0,0,0,0,0,255,255,255,255,255,255,0,0,0,0,0,0,0,0,0,0,0,0,0,0,0,0,0,0,255,255,255,255,255,255,0,0,0,0,0,0,0,0,0,247,0,0,247,0,0,255,255,255,247,0,0,247,0,0,255,255,255,247,0,0,247,0,0
255,22,22,247,0,0,2,0,0,255,255,255,247,0,0,247,0,0,247,0,0,255,255,255,247,0,0,247,0,0,247,0,0,0,0,0,0,0,0,23,23,23,0,0,0,0,0,0,23,23,23,0,0,0,0,0,0,247,0,0,247,0,0,247,0,0,255,255,255,247,0,0,247,0,0,247,0,0,255,255,255,2,0,0,247,0,0,255,23,23,247,0,0,247,0,0,247,0,0,247,0,0,247,0,0,247,0,0,247,0,0,247,0,0,247,0,0,247,0,0,247,0,0,247,0,0,247,0,0,247,0,0,247,0,0,247,0,0,247,0,0,247,0,0,247,0,0,247,0,0,247,0,0,247,0,0,247,0,0,247,0,0,247,0,0,247,0,0,247,0,0,247,0,0,247,0,0,247,0,0,247,0,0,247,0,0
255,255,255,247,0,0,247,0,0,255,255,255,247,0,0,247,0,0,247,0,0,247,0,0,255,255,255,247,0,0,247,0,0,247,0,0,0,0,0,255,255,255,0,0,0,0,0,0,255,255,255,0,0,0,247,0,0,247,0,0,247,0,0,255,255,255,247,0,0,247,0,0,247,0,0,247,0,0,255,255,255,247,0,0,247,0,0,255,255,255,247,0,0,247,0,0,247,0,0,247,0,0,247,0,0,247,0,0,247,0,0,247,0,0,247,0,0,247,0,0,247,0,0,247,0,0,247,0,0,247,0,0,247,0,0,247,0,0,247,0,0,247,0,0,247,0,0,247,0,0,247,0,0,247,0,0,247,0,0,247,0,0,247,0,0,247,0,0,247,0,0,247,0,0,247,0,0,247,0,0,247,0,0,247,0,0
255,255,255,247,0,0,247,0,0,247,0,0,255,255,255,247,0,0,247,0,0,247,0,0,255,255,255,247,0,0,247,0,0,247,0,0,247,0,0,255,255,255,0,0,0,0,0,0,255,255,255,247,0,0,247,0,0,247,0,0,247,0,0,255,255,255,247,0,0,247,0,0,247,0,0,255,255,255,247,0,0,247,0,0,247,0,0,255,255,255,0,0,0,0,0,0,0,0,0,0,0,0,0,0,0,0,0,0,0,0,0,0,0,0,247,0,0,247,0,0,247,0,0,247,0,0,247,0,0,247,0,0,247,0,0,247,0,0,247,0,0,247,0,0,247,0,0,247,0,0,247,0,0,247,0,0,247,0,0,247,0,0,0,0,0,0,0,0,0,0,0,0,0,0,0,0,0,0,0,0,0,0,0,0,0,0
255,255,255,255,79,78,247,0,0,247,0,0,255,255,255,247,0,0,247,0,0,247,0,0,255,255,255,0,0,0,247,0,0,247,0,0,247,0,0,7,0,0,184,184,184,184,184,184,7,0,0,247,0,0,247,0,0,247,0,0,0,0,0,255,255,255,247,0,0,247,0,0,247,0,0,255,255,255,247,0,0,247,0,0,255,82,80,255,255,255,247,0,0,247,0,0,247,0,0,250,13,12,255,255,255,247,0,0,247,0,0,247,0,0,247,0,0,247,0,0,247,0,0,247,0,0,247,0,0,250,0,0,247,0,0,247,0,0,247,0,0,247,0,0,247,0,0,247,0,0,247,0,0,250,0,0,247,0,0,247,0,0,247,0,0,247,0,0,247,0,0,250,14,14,255,255,255,247,0,0,247,0,0,247,0,0
247,0,0,255,255,255,247,0,0,247,0,0,255,255,255,0,0,0,247,0,0,247,0,0,247,0,0,255,255,255,0,0,0,247,0,0,247,0,0,247,0,0,255,255,255,255,255,255,247,0,0,247,0,0,247,0,0,0,0,0,255,255,255,247,0,0,247,0,0,247,0,0,0,0,0,255,255,255,247,0,0,247,0,0,255,255,255,247,0,0,247,0,0,255,255,255,247,0,0,255,255,255,255,255,255,247,0,0,255,255,255,247,0,0,247,0,0,247,0,0,255,255,255,247,0,0,247,0,0,255,255,255,247,0,0,247,0,0,247,0,0,247,0,0,255,255,255,247,0,0,247,0,0,255,255,255,247,0,0,247,0,0,247,0,0,255,255,255,247,0,0,255,255,255,255,255,255,247,0,0,255,255,255,247,0,0
247,0,0,255,255,255,0,0,0,247,0,0,255,79,78,0,0,0,247,0,0,247,0,0,247,0,0,255,255,255,0,0,0,247,0,0,247,0,0,247,0,0,255,255,255,255,255,255,247,0,0,247,0,0,247,0,0,0,0,0,255,255,255,247,0,0,247,0,0,247,0,0,0,0,0,255,77,77,247,0,0,0,0,0,255,255,255,247,0,0,247,0,0,255,255,255,247,0,0,255,255,255,255,255,255,247,0,0,255,255,255,247,0,0,247,0,0,247,0,0,255,255,255,247,0,0,247,0,0,255,255,255,247,0,0,247,0,0,247,0,0,247,0,0,255,255,255,247,0,0,247,0,0,255,255,255,247,0,0,247,0,0,247,0,0,255,255,255,247,0,0,255,255,255,255,255,255,247,0,0,255,255,255,247,0,0
247,0,0,255,255,255,247,0,0,247,0,0,247,0,0,255,255,255,0,0,0,247,0,0,247,0,0,255,255,255,247,0,0,0,0,0,247,0,0,247,0,0,255,250,250,255,250,250,247,0,0,247,0,0,0,0,0,247,0,0,255,255,255,247,0,0,247,0,0,0,0,0,255,255,255,247,0,0,247,0,0,247,0,0,255,255,255,247,0,0,247,0,0,255,255,255,247,0,0,255,255,255,247,0,0,247,0,0,255,255,255,247,0,0,0,0,0,0,0,0,255,255,255,0,0,0,0,0,0,255,255,255,0,0,0,0,0,0,0,0,0,0,0,0,255,255,255,0,0,0,0,0,0,255,255,255,0,0,0,0,0,0,247,0,0,255,255,255,247,0,0,255,255,255,247,0,0,247,0,0,255,255,255,247,0,0
255,255,255,247,0,0,255,255,255,63,0,0,247,0,0,255,255,255,247,0,0,120,0,0,247,0,0,247,0,0,255,255,255,247,0,0,0,0,0,247,0,0,247,0,0,247,0,0,247,0,0,0,0,0,247,0,0,255,255,255,247,0,0,247,0,0,120,0,0,247,0,0,255,255,255,247,0,0,63,0,0,255,255,255,247,0,0,255,255,255,0,0,0,0,0,0,0,0,0,0,0,0,0,0,0,0,0,0,0,0,0,0,0,0,247,0,0,247,0,0,247,0,0,247,0,0,247,0,0,247,0,0,247,0,0,247,0,0,247,0,0,247,0,0,247,0,0,247,0,0,247,0,0,247,0,0,247,0,0,247,0,0,0,0,0,0,0,0,0,0,0,0,0,0,0,0,0,0,0,0,0,0,0,0,0,0
255,255,255,247,0,0,255,255,255,247,0,0,0,0,0,250,3,2,255,23,22,247,0,0,247,0,0,247,0,0,255,255,255,247,0,0,247,0,0,247,0,0,247,0,0,247,0,0,247,0,0,247,0,0,247,0,0,255,255,255,247,0,0,247,0,0,247,0,0,255,25,24,250,3,2,0,0,0,247,0,0,255,255,255,247,0,0,255,255,255,247,0,0,247,0,0,247,0,0,247,0,0,247,0,0,247,0,0,247,0,0,247,0,0,247,0,0,247,0,0,247,0,0,247,0,0,247,0,0,247,0,0,247,0,0,247,0,0,247,0,0,247,0,0,247,0,0,247,0,0,247,0,0,247,0,0,247,0,0,247,0,0,247,0,0,247,0,0,247,0,0,247,0,0,247,0,0,247,0,0,247,0,0,247,0,0
255,255,255,0,0,0,255,142,140,255,255,255,247,0,0,0,0,0,255,255,255,247,0,0,247,0,0,247,0,0,255,255,255,247,0,0,247,0,0,0,0,0,247,0,0,247,0,0,0,0,0,247,0,0,247,0,0,255,255,255,247,0,0,247,0,0,247,0,0,255,255,255,0,0,0,247,0,0,255,255,255,255,138,137,0,0,0,252,252,252,247,0,0,247,0,0,247,0,0,247,0,0,247,0,0,247,0,0,247,0,0,247,0,0,247,0,0,247,0,0,247,0,0,247,0,0,247,0,0,247,0,0,247,0,0,247,0,0,247,0,0,247,0,0,247,0,0,247,0,0,247,0,0,247,0,0,247,0,0,247,0,0,247,0,0,247,0,0,247,0,0,247,0,0,247,0,0,247,0,0,247,0,0,247,0,0
0,0,0,255,255,255,0,0,0,255,255,255,247,0,0,247,0,0,255,255,255,247,0,0,247,0,0,0,0,0,247,0,0,255,255,255,247,0,0,247,0,0,0,0,0,0,0,0,247,0,0,247,0,0,255,255,255,247,0,0,0,0,0,247,0,0,247,0,0,255,255,255,247,0,0,247,0,0,255,255,255,0,0,0,255,255,255,0,0,0,247,0,0,247,0,0,255,140,140,247,0,0,247,0,0,255,255,255,247,0,0,247,0,0,247,0,0,247,0,0,247,0,0,247,0,0,247,0,0,247,0,0,252,25,24,247,0,0,247,0,0,247,0,0,247,0,0,247,0,0,247,0,0,247,0,0,252,23,23,247,0,0,247,0,0,247,0,0,255,144,144,247,0,0,247,0,0,255,255,255,247,0,0,247,0,0
0,0,0,255,255,255,0,0,0,255,255,255,247,0,0,247,0,0,0,0,0,255,184,182,247,0,0,247,0,0,247,0,0,255,255,255,247,0,0,247,0,0,247,0,0,247,0,0,247,0,0,247,0,0,255,255,255,247,0,0,247,0,0,247,0,0,255,184,184,0,0,0,247,0,0,247,0,0,255,255,255,0,0,0,255,255,255,0,0,0,255,255,255,247,0,0,255,255,255,247,0,0,247,0,0,255,255,255,247,0,0,255,255,255,247,0,0,255,255,255,247,0,0,247,0,0,247,0,0,247,0,0,255,255,255,247,0,0,247,0,0,255,255,255,247,0,0,247,0,0,247,0,0,247,0,0,255,255,255,247,0,0,255,255,255,247,0,0,255,255,255,247,0,0,247,0,0,255,255,255,247,0,0,255,255,255
0,0,0,180,180,180,0,0,0,78,78,78,255,255,255,247,0,0,247,0,0,255,255,255,247,0,0,247,0,0,247,0,0,255,255,255,247,0,0,247,0,0,247,0,0,247,0,0,247,0,0,247,0,0,255,255,255,247,0,0,247,0,0,247,0,0,255,255,255,247,0,0,247,0,0,255,255,255,74,74,74,0,0,0,178,178,178,0,0,0,255,255,255,0,0,0,255,255,255,0,0,0,0,0,0,255,255,255,0,0,0,255,255,255,247,0,0,255,255,255,247,0,0,247,0,0,255,255,255,247,0,0,255,255,255,247,0,0,247,0,0,255,255,255,247,0,0,247,0,0,255,255,255,247,0,0,255,255,255,247,0,0,255,255,255,0,0,0,255,255,255,0,0,0,0,0,0,255,255,255,0,0,0,255,255,255
0,0,0,0,0,0,255,255,255,0,0,0,255,255,255,247,0,0,247,0,0,255,255,255,65,0,0,247,0,0,247,0,0,0,0,0,255,255,255,247,0,0,247,0,0,247,0,0,247,0,0,255,255,255,0,0,0,247,0,0,247,0,0,64,0,0,255,255,255,247,0,0,247,0,0,255,255,255,0,0,0,255,255,255,0,0,0,0,0,0,255,255,255,0,0,0,0,0,0,4,4,4,255,255,255,0,0,0,0,0,0,55,55,55,247,0,0,255,255,255,247,0,0,255,255,255,255,255,255,247,0,0,247,0,0,247,0,0,247,0,0,255,255,255,247,0,0,255,255,255,255,255,255,247,0,0,247,0,0,247,0,0,255,255,255,0,0,0,0,0,0,5,5,5,255,255,255,0,0,0,0,0,0,60,60,60
0,0,0,0,0,0,255,255,255,0,0,0,255,255,255,0,0,0,247,0,0,247,0,0,255,255,255,247,0,0,247,0,0,247,0,0,255,255,255,247,0,0,247,0,0,247,0,0,247,0,0,255,255,255,247,0,0,247,0,0,247,0,0,255,255,255,247,0,0,247,0,0,0,0,0,255,255,255,0,0,0,255,255,255,0,0,0,0,0,0,0,0,0,0,0,0,0,0,0,255,255,255,255,255,255,0,0,0,0,0,0,0,0,0,247,0,0,247,0,0,247,0,0,255,255,255,255,255,255,247,0,0,247,0,0,247,0,0,247,0,0,247,0,0,247,0,0,255,255,255,255,255,255,247,0,0,247,0,0,247,0,0,0,0,0,0,0,0,0,0,0,255,255,255,255,255,255,0,0,0,0,0,0,0,0,0
0,0,0,0,0,0,65,65,65,0,0,0,1,1,1,255,255,255,0,0,0,247,0,0,255,255,255,0,0,0,247,0,0,247,0,0,255,255,255,247,0,0,247,0,0,247,0,0,247,0,0,255,255,255,247,0,0,247,0,0,0,0,0,255,255,255,247,0,0,0,0,0,255,255,255,1,1,1,0,0,0,63,63,63,0,0,0,0,0,0,0,0,0,0,0,0,0,0,0,255,255,255,255,255,255,0,0,0,0,0,0,0,0,0,247,0,0,247,0,0,247,0,0,252,62,62,247,0,0,247,0,0,247,0,0,247,0,0,247,0,0,247,0,0,247,0,0,252,61,61,247,0,0,247,0,0,247,0,0,247,0,0,0,0,0,0,0,0,0,0,0,255,255,255,255,255,255,0,0,0,0,0,0,0,0,0
0,0,0,0,0,0,0,0,0,255,255,255,0,0,0,255,255,255,0,0,0,0,0,0,255,255,255,247,0,0,0,0,0,247,0,0,247,0,0,255,255,255,247,0,0,247,0,0,255,255,255,247,0,0,247,0,0,0,0,0,247,0,0,255,255,255,0,0,0,0,0,0,255,255,255,0,0,0,255,255,255,0,0,0,0,0,0,0,0,0,0,0,0,0,0,0,0,0,0,0,0,0,0,0,0,0,0,0,255,255,255,0,0,0,247,0,0,247,0,0,247,0,0,247,0,0,247,0,0,247,0,0,247,0,0,247,0,0,247,0,0,247,0,0,247,0,0,247,0,0,247,0,0,247,0,0,247,0,0,247,0,0,0,0,0,0,0,0,0,0,0,0,0,0,0,0,0,0,0,0,255,255,255,0,0,0
247,0,0,0,0,0,0,0,0,255,255,255,0,0,0,255,255,255,0,0,0,0,0,0,247,0,0,255,255,255,247,0,0,0,0,0,247,0,0,255,255,255,0,0,0,0,0,0,255,255,255,247,0,0,0,0,0,247,0,0,255,255,255,247,0,0,0,0,0,0,0,0,255,255,255,0,0,0,255,255,255,0,0,0,0,0,0,247,0,0,0,0,0,255,255,255,0,0,0,0,0,0,0,0,0,0,0,0,255,255,255,0,0,0,109,109,109,0,0,0,0,0,0,0,0,0,0,0,0,0,0,0,0,0,0,255,255,255,112,112,112,0,0,0,0,0,0,0,0,0,0,0,0,0,0,0,0,0,0,255,255,255,0,0,0,255,255,255,0,0,0,0,0,0,0,0,0,0,0,0,255,255,255,0,0,0
247,0,0,247,0,0,0,0,0,0,0,0,255,255,255,0,0,0,255,255,255,0,0,0,0,0,0,255,255,255,247,0,0,247,0,0,0,0,0,247,0,0,255,230,228,255,230,228,247,0,0,0,0,0,247,0,0,247,0,0,255,255,255,0,0,0,0,0,0,255,255,255,0,0,0,255,255,255,0,0,0,0,0,0,247,0,0,247,0,0,0,0,0,255,255,255,0,0,0,0,0,0,0,0,0,0,0,0,255,255,255,0,0,0,255,255,255,247,0,0,247,0,0,247,0,0,247,0,0,250,6,6,247,0,0,255,255,255,255,255,255,247,0,0,247,0,0,247,0,0,247,0,0,250,6,6,247,0,0,255,255,255,0,0,0,255,255,255,0,0,0,0,0,0,0,0,0,0,0,0,255,255,255,0,0,0
247,0,0,247,0,0,247,0,0,0,0,0,255,255,255,0,0,0,255,255,255,0,0,0,0,0,0,226,226,226,247,0,0,247,0,0,247,0,0,247,0,0,255,255,255,255,255,255,247,0,0,247,0,0,247,0,0,247,0,0,226,226,226,0,0,0,0,0,0,255,255,255,0,0,0,255,255,255,0,0,0,247,0,0,247,0,0,247,0,0,0,0,0,250,250,250,0,0,0,0,0,0,255,255,255,137,137,137,0,0,0,0,0,0,255,255,255,247,0,0,255,255,255,247,0,0,247,0,0,255,255,255,247,0,0,255,127,125,255,255,255,247,0,0,255,255,255,247,0,0,247,0,0,255,255,255,247,0,0,255,130,128,0,0,0,247,247,247,0,0,0,0,0,0,255,255,255,133,133,133,0,0,0,0,0,0
247,0,0,247,0,0,247,0,0,247,0,0,255,255,255,0,0,0,255,255,255,79,79,79,0,0,0,0,0,0,255,255,255,247,0,0,247,0,0,0,0,0,255,255,255,255,255,255,0,0,0,247,0,0,247,0,0,255,255,255,0,0,0,0,0,0,80,80,80,255,255,255,0,0,0,255,255,255,247,0,0,247,0,0,247,0,0,247,0,0,0,0,0,0,0,0,255,255,255,255,255,255,255,255,255,255,255,255,0,0,0,0,0,0,247,0,0,247,0,0,255,255,255,247,0,0,247,0,0,255,255,255,247,0,0,247,0,0,247,0,0,247,0,0,255,255,255,247,0,0,247,0,0,255,255,255,247,0,0,247,0,0,0,0,0,0,0,0,255,255,255,255,255,255,255,255,255,255,255,255,0,0,0,0,0,0
247,0,0,247,0,0,247,0,0,247,0,0,0,0,0,0,0,0,0,0,0,255,255,255,0,0,0,0,0,0,255,255,255,247,0,0,247,0,0,247,0,0,255,252,252,255,252,252,247,0,0,247,0,0,247,0,0,255,255,255,0,0,0,0,0,0,255,255,255,0,0,0,0,0,0,0,0,0,247,0,0,247,0,0,247,0,0,247,0,0,247,0,0,247,0,0,255,255,255,255,255,255,255,255,255,255,255,255,247,0,0,247,0,0,247,0,0,247,0,0,255,255,255,247,0,0,247,0,0,255,255,255,247,0,0,247,0,0,247,0,0,247,0,0,255,255,255,247,0,0,247,0,0,255,255,255,247,0,0,247,0,0,247,0,0,247,0,0,255,255,255,255,255,255,255,255,255,255,255,255,247,0,0,247,0,0
247,0,0,247,0,0,247,0,0,247,0,0,247,0,0,255,255,255,0,0,0,255,255,255,0,0,0,0,0,0,0,0,0,255,255,255,247,0,0,247,0,0,247,0,0,247,0,0,247,0,0,247,0,0,255,255,255,0,0,0,0,0,0,0,0,0,255,255,255,0,0,0,255,255,255,247,0,0,247,0,0,247,0,0,247,0,0,247,0,0,247,0,0,247,0,0,255,221,221,247,0,0,247,0,0,247,0,0,247,0,0,247,0,0,0,0,0,0,0,0,0,0,0,0,0,0,0,0,0,0,0,0,0,0,0,0,0,0,0,0,0,0,0,0,0,0,0,0,0,0,0,0,0,0,0,0,0,0,0,0,0,0,247,0,0,247,0,0,255,221,219,247,0,0,247,0,0,247,0,0,247,0,0,247,0,0
247,0,0,0,0,0,247,0,0,247,0,0,247,0,0,255,255,255,0,0,0,255,255,255,0,0,0,0,0,0,0,0,0,255,255,255,0,0,0,247,0,0,247,0,0,247,0,0,247,0,0,0,0,0,255,255,255,0,0,0,0,0,0,0,0,0,255,255,255,0,0,0,255,255,255,247,0,0,247,0,0,247,0,0,0,0,0,247,0,0,247,0,0,247,0,0,247,0,0,247,0,0,247,0,0,247,0,0,247,0,0,255,255,255,0,0,0,0,0,0,0,0,0,0,0,0,0,0,0,0,0,0,0,0,0,0,0,0,0,0,0,0,0,0,0,0,0,0,0,0,0,0,0,0,0,0,0,0,0,0,0,0,247,0,0,247,0,0,247,0,0,247,0,0,247,0,0,247,0,0,247,0,0,255,255,255
247,0,0,247,0,0,0,0,0,247,0,0,247,0,0,247,0,0,255,255,255,0,0,0,255,255,255,0,0,0,0,0,0,255,255,255,0,0,0,0,0,0,247,0,0,247,0,0,0,0,0,0,0,0,255,255,255,0,0,0,0,0,0,255,255,255,0,0,0,255,255,255,247,0,0,247,0,0,247,0,0,0,0,0,247,0,0,247,0,0,255,255,255,247,0,0,247,0,0,247,0,0,247,0,0,247,0,0,247,0,0,255,255,255,0,0,0,0,0,0,0,0,0,0,0,0,0,0,0,0,0,0,0,0,0,0,0,0,0,0,0,0,0,0,0,0,0,0,0,0,0,0,0,0,0,0,0,0,0,0,0,0,255,255,255,247,0,0,247,0,0,247,0,0,247,0,0,247,0,0,247,0,0,255,255,255
247,0,0,247,0,0,247,0,0,247,0,0,247,0,0,247,0,0,255,255,255,0,0,0,255,255,255,0,0,0,0,0,0,21,21,21,23,23,23,0,0,0,247,0,0,247,0,0,0,0,0,23,23,23,21,21,21,0,0,0,0,0,0,255,255,255,0,0,0,255,255,255,247,0,0,247,0,0,247,0,0,247,0,0,247,0,0,247,0,0,255,255,255,247,0,0,247,0,0,247,0,0,247,0,0,247,0,0,247,0,0,255,255,255,0,0,0,0,0,0,0,0,0,255,255,255,255,255,255,0,0,0,83,83,83,0,0,0,0,0,0,0,0,0,0,0,0,255,255,255,255,255,255,0,0,0,80,80,80,0,0,0,255,255,255,247,0,0,247,0,0,247,0,0,247,0,0,247,0,0,247,0,0,255,255,255
247,0,0,247,0,0,247,0,0,0,0,0,247,0,0,247,0,0,255,255,255,247,0,0,255,255,255,0,0,0,0,0,0,0,0,0,255,255,255,0,0,0,0,0,0,0,0,0,0,0,0,255,255,255,0,0,0,0,0,0,0,0,0,255,255,255,247,0,0,255,255,255,247,0,0,247,0,0,0,0,0,247,0,0,247,0,0,247,0,0,123,123,123,0,0,0,1,1,1,0,0,0,0,0,0,255,255,255,255,255,255,0,0,0,0,0,0,255,255,255,0,0,0,255,255,255,255,255,255,0,0,0,255,255,255,0,0,0,0,0,0,255,255,255,0,0,0,255,255,255,255,255,255,0,0,0,255,255,255,0,0,0,119,119,119,0,0,0,1,1,1,0,0,0,0,0,0,255,255,255,255,255,255,0,0,0
247,0,0,247,0,0,247,0,0,247,0,0,0,0,0,247,0,0,247,0,0,255,255,255,155,0,0,255,255,255,0,0,0,0,0,0,255,255,255,0,0,0,0,0,0,0,0,0,0,0,0,255,255,255,0,0,0,0,0,0,255,255,255,156,0,0,255,255,255,247,0,0,247,0,0,0,0,0,247,0,0,247,0,0,247,0,0,247,0,0,247,0,0,255,255,255,255,255,255,247,0,0,247,0,0,255,255,255,255,255,255,247,0,0,0,0,0,255,255,255,0,0,0,255,255,255,96,96,96,0,0,0,255,255,255,0,0,0,0,0,0,255,255,255,0,0,0,255,255,255,98,98,98,0,0,0,255,255,255,0,0,0,247,0,0,255,255,255,255,255,255,247,0,0,247,0,0,255,255,255,255,255,255,247,0,0
247,0,0,247,0,0,247,0,0,247,0,0,247,0,0,247,0,0,247,0,0,255,255,255,247,0,0,255,255,255,0,0,0,0,0,0,0,0,0,184,184,184,0,0,0,0,0,0,184,184,184,0,0,0,0,0,0,0,0,0,255,255,255,247,0,0,255,255,255,247,0,0,247,0,0,247,0,0,247,0,0,247,0,0,247,0,0,247,0,0,247,0,0,255,255,255,255,255,255,247,0,0,247,0,0,255,168,166,255,255,255,247,0,0,0,0,0,255,255,255,0,0,0,0,0,0,0,0,0,0,0,0,0,0,0,0,0,0,0,0,0,255,255,255,0,0,0,0,0,0,0,0,0,0,0,0,0,0,0,0,0,0,247,0,0,255,255,255,255,255,255,247,0,0,247,0,0,255,170,170,255,255,255,247,0,0
247,0,0,247,0,0,247,0,0,247,0,0,247,0,0,247,0,0,247,0,0,255,180,180,247,0,0,252,77,75,255,255,255,0,0,0,0,0,0,255,255,255,0,0,0,0,0,0,255,255,255,0,0,0,0,0,0,255,255,255,252,75,74,247,0,0,255,178,178,247,0,0,247,0,0,247,0,0,247,0,0,247,0,0,247,0,0,247,0,0,247,0,0,255,168,168,247,0,0,247,0,0,247,0,0,247,0,0,247,0,0,247,0,0,0,0,0,0,0,0,0,0,0,0,0,0,0,0,0,0,0,0,0,0,0,0,0,0,0,0,0,0,0,0,0,0,0,0,0,0,0,0,0,0,0,0,0,0,0,0,0,0,247,0,0,255,164,162,247,0,0,247,0,0,247,0,0,247,0,0,247,0,0,247,0,0
247,0,0,0,0,0,247,0,0,247,0,0,247,0,0,247,0,0,0,0,0,247,0,0,255,255,255,247,0,0,255,255,255,0,0,0,0,0,0,255,255,255,0,0,0,0,0,0,255,255,255,0,0,0,0,0,0,255,255,255,247,0,0,255,255,255,247,0,0,0,0,0,247,0,0,247,0,0,247,0,0,247,0,0,0,0,0,247,0,0,247,0,0,247,0,0,247,0,0,247,0,0,247,0,0,247,0,0,247,0,0,247,0,0,0,0,0,0,0,0,0,0,0,0,0,0,0,0,0,0,0,0,0,0,0,0,0,0,0,0,0,0,0,0,0,0,0,0,0,0,0,0,0,0,0,0,0,0,0,0,0,0,247,0,0,247,0,0,247,0,0,247,0,0,247,0,0,247,0,0,247,0,0,247,0,0
247,0,0,247,0,0,0,0,0,247,0,0,247,0,0,247,0,0,247,0,0,0,0,0,255,255,255,247,0,0,255,255,255,247,0,0,0,0,0,0,0,0,255,255,255,255,255,255,0,0,0,0,0,0,247,0,0,255,255,255,247,0,0,255,255,255,0,0,0,247,0,0,247,0,0,247,0,0,247,0,0,0,0,0,247,0,0,247,0,0,247,0,0,247,0,0,247,0,0,247,0,0,247,0,0,247,0,0,247,0,0,247,0,0,247,0,0,247,0,0,250,7,6,247,0,0,247,0,0,255,255,255,247,0,0,247,0,0,247,0,0,247,0,0,250,7,7,247,0,0,247,0,0,255,255,255,247,0,0,247,0,0,247,0,0,247,0,0,247,0,0,247,0,0,247,0,0,247,0,0,247,0,0,247,0,0
247,0,0,247,0,0,247,0,0,247,0,0,247,0,0,247,0,0,247,0,0,247,0,0,138,137,137,247,0,0,250,1,1,255,255,255,0,0,0,0,0,0,255,255,255,255,255,255,0,0,0,0,0,0,255,255,255,250,1,1,247,0,0,135,135,135,247,0,0,247,0,0,247,0,0,247,0,0,247,0,0,247,0,0,247,0,0,247,0,0,247,0,0,247,0,0,247,0,0,247,0,0,247,0,0,247,0,0,255,82,82,247,0,0,255,186,186,247,0,0,255,255,255,247,0,0,247,0,0,255,255,255,247,0,0,255,255,255,255,188,188,247,0,0,255,255,255,247,0,0,247,0,0,255,255,255,247,0,0,255,255,255,247,0,0,247,0,0,247,0,0,247,0,0,247,0,0,247,0,0,255,78,78,247,0,0
0,0,0,247,0,0,247,0,0,247,0,0,247,0,0,247,0,0,247,0,0,247,0,0,27,0,0,255,255,255,247,0,0,255,255,255,247,0,0,0,0,0,255,255,255,255,255,255,0,0,0,247,0,0,255,255,255,247,0,0,255,255,255,27,0,0,247,0,0,247,0,0,247,0,0,247,0,0,247,0,0,247,0,0,247,0,0,0,0,0,255,255,255,255,255,255,0,0,0,0,0,0,0,0,0,0,0,0,255,255,255,255,255,255,255,255,255,247,0,0,255,255,255,247,0,0,247,0,0,255,255,255,247,0,0,255,255,255,255,255,255,247,0,0,255,255,255,247,0,0,247,0,0,255,255,255,247,0,0,255,255,255,255,255,255,255,255,255,0,0,0,0,0,0,0,0,0,0,0,0,255,255,255,255,255,255
247,0,0,0,0,0,247,0,0,247,0,0,120,0,0,247,0,0,247,0,0,247,0,0,247,0,0,255,255,255,247,0,0,255,255,255,247,0,0,247,0,0,0,0,0,0,0,0,247,0,0,247,0,0,255,255,255,247,0,0,255,255,255,247,0,0,247,0,0,247,0,0,247,0,0,120,0,0,247,0,0,247,0,0,0,0,0,247,0,0,255,255,255,255,255,255,247,0,0,247,0,0,247,0,0,247,0,0,255,255,255,255,255,255,255,255,255,247,0,0,252,9,9,247,0,0,255,255,255,247,0,0,247,0,0,255,205,205,255,255,255,247,0,0,250,9,9,247,0,0,255,255,255,247,0,0,247,0,0,255,207,207,255,255,255,255,255,255,247,0,0,247,0,0,247,0,0,247,0,0,255,255,255,255,255,255
247,0,0,0,0,0,247,0,0,247,0,0,247,0,0,247,0,0,247,0,0,247,0,0,247,0,0,255,255,255,247,0,0,255,255,255,250,3,3,247,0,0,0,0,0,0,0,0,247,0,0,250,3,3,255,255,255,247,0,0,255,255,255,247,0,0,247,0,0,247,0,0,247,0,0,247,0,0,247,0,0,247,0,0,0,0,0,247,0,0,255,255,255,255,255,255,247,0,0,247,0,0,247,0,0,247,0,0,250,21,20,255,255,255,255,255,255,247,0,0,247,0,0,255,255,255,255,255,255,247,0,0,247,0,0,247,0,0,255,255,255,247,0,0,247,0,0,255,255,255,255,255,255,247,0,0,247,0,0,247,0,0,255,255,255,255,255,255,247,0,0,247,0,0,247,0,0,247,0,0,252,22,22,255,255,255
247,0,0,247,0,0,0,0,0,247,0,0,247,0,0,0,0,0,247,0,0,247,0,0,247,0,0,247,0,0,255,255,255,247,0,0,255,255,255,247,0,0,247,0,0,247,0,0,247,0,0,255,255,255,247,0,0,255,255,255,247,0,0,247,0,0,247,0,0,247,0,0,0,0,0,247,0,0,247,0,0,0,0,0,247,0,0,247,0,0,255,255,255,247,0,0,247,0,0,247,0,0,247,0,0,247,0,0,247,0,0,250,5,5,247,0,0,247,0,0,247,0,0,255,255,255,255,255,255,247,0,0,247,0,0,247,0,0,247,0,0,247,0,0,247,0,0,255,255,255,255,255,255,247,0,0,247,0,0,247,0,0,255,255,255,247,0,0,247,0,0,247,0,0,247,0,0,247,0,0,247,0,0,252,6,5
247,0,0,247,0,0,247,0,0,0,0,0,247,0,0,247,0,0,0,0,0,247,0,0,247,0,0,247,0,0,255,255,255,0,0,0,255,255,255,247,0,0,247,0,0,247,0,0,247,0,0,255,255,255,0,0,0,255,255,255,247,0,0,247,0,0,247,0,0,0,0,0,247,0,0,247,0,0,0,0,0,247,0,0,247,0,0,247,0,0,247,0,0,247,0,0,247,0,0,247,0,0,247,0,0,247,0,0,247,0,0,247,0,0,247,0,0,247,0,0,247,0,0,255,255,255,255,255,255,247,0,0,247,0,0,247,0,0,247,0,0,247,0,0,247,0,0,255,255,255,255,255,255,247,0,0,247,0,0,247,0,0,247,0,0,247,0,0,247,0,0,247,0,0,247,0,0,247,0,0,247,0,0,247,0,0
0,0,0,247,0,0,247,0,0,63,0,0,247,0,0,247,0,0,247,0,0,120,0,0,247,0,0,247,0,0,255,255,255,247,0,0,255,255,255,255,82,80,247,0,0,247,0,0,255,82,82,255,255,255,247,0,0,255,255,255,247,0,0,247,0,0,120,0,0,247,0,0,247,0,0,247,0,0,63,0,0,247,0,0,247,0,0,0,0,0,0,0,0,0,0,0,0,0,0,0,0,0,0,0,0,0,0,0,0,0,0,0,0,0,247,0,0,247,0,0,247,0,0,252,5,5,247,0,0,247,0,0,255,128,128,247,0,0,247,0,0,247,0,0,247,0,0,252,5,5,247,0,0,247,0,0,255,127,125,247,0,0,0,0,0,0,0,0,0,0,0,0,0,0,0,0,0,0,0,0,0,0,0,0,0,0
1,1,1,0,0,0,247,0,0,247,0,0,0,0,0,247,0,0,247,0,0,247,0,0,247,0,0,247,0,0,247,0,0,255,255,255,247,0,0,255,255,255,247,0,0,247,0,0,255,255,255,247,0,0,255,255,255,247,0,0,247,0,0,247,0,0,247,0,0,247,0,0,247,0,0,0,0,0,247,0,0,247,0,0,0,0,0,1,1,1,247,0,0,247,0,0,247,0,0,247,0,0,247,0,0,247,0,0,247,0,0,255,203,203,247,0,0,255,255,255,247,0,0,247,0,0,247,0,0,247,0,0,255,255,255,247,0,0,247,0,0,255,255,255,247,0,0,247,0,0,247,0,0,247,0,0,255,255,255,247,0,0,247,0,0,247,0,0,247,0,0,247,0,0,247,0,0,247,0,0,247,0,0,255,201,201
255,255,255,0,0,0,247,0,0,247,0,0,247,0,0,0,0,0,247,0,0,247,0,0,247,0,0,247,0,0,247,0,0,255,255,255,247,0,0,255,255,255,247,0,0,247,0,0,255,255,255,247,0,0,255,255,255,247,0,0,247,0,0,247,0,0,247,0,0,247,0,0,0,0,0,247,0,0,247,0,0,247,0,0,0,0,0,255,255,255,255,255,255,247,0,0,247,0,0,247,0,0,247,0,0,247,0,0,247,0,0,255,255,255,247,0,0,255,255,255,247,0,0,247,0,0,247,0,0,247,0,0,255,255,255,247,0,0,247,0,0,255,255,255,247,0,0,247,0,0,247,0,0,247,0,0,255,255,255,247,0,0,255,255,255,247,0,0,247,0,0,247,0,0,247,0,0,247,0,0,247,0,0,255,255,255
255,255,255,0,0,0,0,0,0,247,0,0,247,0,0,0,0,0,247,0,0,247,0,0,247,0,0,247,0,0,247,0,0,255,255,255,247,0,0,255,255,255,247,0,0,247,0,0,255,255,255,247,0,0,255,255,255,247,0,0,247,0,0,247,0,0,247,0,0,247,0,0,0,0,0,247,0,0,247,0,0,0,0,0,0,0,0,255,255,255,255,255,255,247,0,0,247,0,0,247,0,0,247,0,0,247,0,0,247,0,0,255,255,255,247,0,0,255,255,255,247,0,0,247,0,0,247,0,0,247,0,0,255,255,255,247,0,0,247,0,0,255,255,255,247,0,0,247,0,0,247,0,0,247,0,0,255,255,255,247,0,0,255,255,255,247,0,0,247,0,0,247,0,0,247,0,0,247,0,0,247,0,0,255,255,255
0,0,0,22,22,22,0,0,0,0,0,0,247,0,0,247,0,0,247,0,0,247,0,0,247,0,0,247,0,0,0,0,0,247,0,0,255,255,255,247,0,0,255,255,255,255,255,255,247,0,0,255,255,255,247,0,0,0,0,0,247,0,0,247,0,0,247,0,0,247,0,0,247,0,0,247,0,0,0,0,0,0,0,0,23,23,23,0,0,0,1,1,1,0,0,0,0,0,0,0,0,0,0,0,0,0,0,0,0,0,0,0,0,0,247,0,0,247,0,0,255,255,255,255,255,255,255,255,255,255,255,255,247,0,0,247,0,0,247,0,0,247,0,0,255,255,255,255,255,255,255,255,255,255,255,255,247,0,0,247,0,0,1,1,1,0,0,0,0,0,0,0,0,0,0,0,0,0,0,0,0,0,0,0,0,0
