0,6,255,0,0,0,0,6,255,0,6,255,0,8,255,0,6,255,0,6,255,0,0,0,0,0,0,0,0,0,0,0,0,0,0,0,0,0,0,0,0,0,0,0,0,0,0,0,0,0,0,0,0,0,0,0,0,0,0,0,0,0,0,0,0,0,0,0,0,0,6,255,0,6,255,0,8,255,0,6,255,0,6,255,0,0,0,0,6,255,0,6,255,0,6,255,0,6,255,0,6,255,0,6,255,0,6,255,0,6,255,0,6,255,0,0,0,0,0,0,0,0,0,0,0,0,0,0,0,0,0,0,0,0,0,0,0,0,0,0,0,0,0,0,0,0,0,0,0,0,0,0,0,0,0,0,0,0,0,0,0,0,0,6,255,0,6,255,0,6,255,0,6,255,0,6,255,0,6,255,0,6,255,0,6,255
0,28,255,0,0,0,0,0,0,0,28,255,0,28,255,0,28,255,0,28,255,0,28,255,0,0,0,0,0,0,0,0,0,0,0,0,0,0,0,0,0,0,0,0,0,0,0,0,0,0,0,0,0,0,0,0,0,0,0,0,0,0,0,0,0,0,0,28,255,0,28,255,0,28,255,0,28,255,0,28,255,0,0,0,0,0,0,0,28,255,0,28,255,0,28,255,0,28,255,0,28,255,0,28,255,0,28,255,0,28,255,0,28,255,0,0,0,0,0,0,0,0,0,0,0,0,0,0,0,0,0,0,0,0,0,0,0,0,0,0,0,0,0,0,0,0,0,0,0,0,0,0,0,0,0,0,0,0,0,0,0,0,0,28,255,0,28,255,0,28,255,0,28,255,0,28,255,0,28,255,0,28,255,0,28,255
0,71,255,0,0,0,0,0,0,0,71,255,0,71,255,0,71,255,0,71,255,0,71,255,0,0,0,0,0,0,0,0,0,0,0,0,0,0,0,0,0,0,0,0,0,0,0,0,0,0,0,0,0,0,0,0,0,0,0,0,0,0,0,0,0,0,0,71,255,0,71,255,0,71,255,0,71,255,0,71,255,0,0,0,0,0,0,0,71,255,0,71,255,0,71,255,0,71,255,0,71,255,0,71,255,0,71,255,0,71,255,0,71,255,0,0,0,0,0,0,0,0,0,0,0,0,0,0,0,0,0,0,0,0,0,0,0,0,0,0,0,0,0,0,0,0,0,0,0,0,0,0,0,0,0,0,0,0,0,0,0,0,0,71,255,0,71,255,0,71,255,0,71,255,0,71,255,0,71,255,0,71,255,0,71,255
0,102,255,0,102,255,0,0,0,0,83,207,0,102,255,0,102,255,0,102,255,0,102,255,0,0,0,0,0,0,0,0,0,0,0,0,0,0,0,0,0,0,0,0,0,0,0,0,0,0,0,0,0,0,0,0,0,0,0,0,0,0,0,0,0,0,0,102,255,0,102,255,0,102,255,0,102,255,0,83,207,0,0,0,0,102,255,0,102,255,0,102,255,0,102,255,0,102,255,0,102,255,0,102,255,0,102,255,0,102,255,0,102,255,0,0,0,0,0,0,0,0,0,0,0,0,0,0,0,0,0,0,0,0,0,0,0,0,0,0,0,0,0,0,0,0,0,0,0,0,0,0,0,0,0,0,0,0,0,0,0,0,0,102,255,0,102,255,0,102,255,0,102,255,0,102,255,0,102,255,0,102,255,0,102,255
0,192,255,0,192,255,0,0,0,0,0,0,0,192,255,0,192,255,0,192,255,0,192,255,0,192,255,0,0,0,0,0,0,0,0,0,0,0,0,0,0,0,0,0,0,0,0,0,0,0,0,0,0,0,0,0,0,0,0,0,0,0,0,0,192,255,0,192,255,0,192,255,0,192,255,0,192,255,0,0,0,0,0,0,0,192,255,0,192,255,0,0,0,0,0,0,0,0,0,0,0,0,0,0,0,0,0,0,0,0,0,0,0,0,0,0,0,0,0,0,0,0,0,0,0,0,0,0,0,0,0,0,0,0,0,0,0,0,0,0,0,0,0,0,0,0,0,0,0,0,0,0,0,0,0,0,0,0,0,0,0,0,0,0,0,0,0,0,0,0,0,0,0,0,0,0,0,0,0,0,0,0,0,0,0,0
0,255,212,0,255,212,0,158,132,0,0,0,0,255,212,0,255,212,0,255,212,0,255,212,0,255,212,0,0,0,0,0,0,0,0,0,0,0,0,0,0,0,0,0,0,0,0,0,0,0,0,0,0,0,0,0,0,0,0,0,0,0,0,0,255,212,0,255,212,0,255,212,0,255,212,0,255,212,0,0,0,0,158,132,0,255,212,0,255,212,0,0,0,0,0,0,0,0,0,0,0,0,0,0,0,0,0,0,0,0,0,0,0,0,0,0,0,0,0,0,0,0,0,0,0,0,0,0,0,0,0,0,0,0,0,0,0,0,0,0,0,0,0,0,0,0,0,0,0,0,0,0,0,0,0,0,0,0,0,0,0,0,0,0,0,0,0,0,0,0,0,0,0,0,0,0,0,0,0,0,0,0,0,0,0,0
0,255,114,0,255,114,0,255,114,0,0,0,0,0,0,0,255,114,0,255,114,0,255,114,0,255,114,0,255,114,0,0,0,0,0,0,0,0,0,0,0,0,0,0,0,0,0,0,0,0,0,0,0,0,0,0,0,0,0,0,0,255,114,0,255,114,0,255,114,0,255,114,0,255,114,0,0,0,0,0,0,0,255,114,0,255,114,0,255,114,0,0,0,0,0,0,0,0,0,0,0,0,0,0,0,0,0,0,0,0,0,0,0,0,0,0,0,0,0,0,0,0,0,0,0,0,0,0,0,0,0,0,0,0,0,0,0,0,0,0,0,0,0,0,0,0,0,0,0,0,0,0,0,0,0,0,0,0,0,0,0,0,0,0,0,0,0,0,0,0,0,0,0,0,0,0,0,0,0,0,0,0,0,0,0,0
0,255,54,0,255,54,0,255,54,0,0,0,0,0,0,0,255,54,0,255,54,0,255,54,0,255,54,0,255,54,0,0,0,0,0,0,0,0,0,0,0,0,0,0,0,0,0,0,0,0,0,0,0,0,0,0,0,0,0,0,0,255,54,0,255,54,0,255,54,0,255,54,0,255,54,0,0,0,0,0,0,0,255,54,0,255,54,0,255,54,0,0,0,0,0,0,0,0,0,0,0,0,0,0,0,0,0,0,0,0,0,0,0,0,0,0,0,0,0,0,0,0,0,0,0,0,0,0,0,0,0,0,0,0,0,0,0,0,0,0,0,0,0,0,0,0,0,0,0,0,0,0,0,0,0,0,0,0,0,0,0,0,0,0,0,0,0,0,0,0,0,0,0,0,0,0,0,0,0,0,0,0,0,0,0,0
0,0,0,0,255,34,0,255,34,0,255,34,0,0,0,0,255,34,0,255,34,0,255,36,0,255,34,0,255,34,0,0,0,0,0,0,0,0,0,0,0,0,0,0,0,0,0,0,0,0,0,0,0,0,0,0,0,0,0,0,0,255,34,0,255,34,0,255,36,0,255,34,0,255,34,0,0,0,0,255,34,0,255,34,0,255,34,0,0,0,0,0,0,0,0,0,0,0,0,0,0,0,0,0,0,0,0,0,0,0,0,0,0,0,0,0,0,0,0,0,0,0,0,0,0,0,0,0,0,0,0,0,0,0,0,0,0,0,0,0,0,0,0,0,0,0,0,0,0,0,0,0,0,0,0,0,0,0,0,0,0,0,0,0,0,0,0,0,0,0,0,0,0,0,0,0,0,0,0,0,0,0,0,0,0,0
0,255,7,0,255,7,0,255,7,0,255,7,0,0,0,0,0,0,0,255,7,0,255,7,0,255,7,0,255,7,0,255,7,0,0,0,0,0,0,0,0,0,0,0,0,0,0,0,0,0,0,0,0,0,0,0,0,0,255,7,0,255,7,0,255,7,0,255,7,0,255,7,0,0,0,0,0,0,0,255,7,0,255,7,0,255,7,0,255,7,0,255,7,0,255,7,0,255,7,0,255,7,0,255,7,0,255,7,0,255,7,0,255,7,0,0,0,0,0,0,0,0,0,0,0,0,0,0,0,0,0,0,0,0,0,0,0,0,0,0,0,0,0,0,0,0,0,0,0,0,0,0,0,0,0,0,0,0,0,0,0,0,0,255,7,0,255,7,0,255,7,0,255,7,0,255,7,0,255,7,0,255,7,0,255,7
1,255,0,1,255,0,1,255,0,1,255,0,0,0,0,0,0,0,1,255,0,1,255,0,1,255,0,1,255,0,1,255,0,0,0,0,0,0,0,0,0,0,0,0,0,0,0,0,0,0,0,0,0,0,0,0,0,1,255,0,1,255,0,1,255,0,1,255,0,1,255,0,0,0,0,0,0,0,1,255,0,1,255,0,1,255,0,1,255,0,1,255,0,1,255,0,1,255,0,1,255,0,1,255,0,1,255,0,1,255,0,1,255,0,0,7,0,0,7,0,0,7,0,0,7,0,0,8,0,0,8,0,0,8,0,0,8,0,0,8,0,0,8,0,0,8,0,0,8,0,0,7,0,0,7,0,0,7,0,0,7,0,1,255,0,1,255,0,1,255,0,1,255,0,1,255,0,1,255,0,1,255,0,1,255,0
15,255,0,0,0,0,15,255,0,15,255,0,15,255,0,0,0,0,0,0,0,15,255,0,15,255,0,15,255,0,15,255,0,15,255,0,0,0,0,0,0,0,0,0,0,0,0,0,0,0,0,0,0,0,15,255,0,15,255,0,15,255,0,15,255,0,15,255,0,0,0,0,0,0,0,15,255,0,15,255,0,15,255,0,0,0,0,15,255,0,15,255,0,15,255,0,15,255,0,15,255,0,15,255,0,15,255,0,15,255,0,15,255,0,15,255,0,15,255,0,15,255,0,15,255,0,15,255,0,15,255,0,15,255,0,15,255,0,15,255,0,15,255,0,15,255,0,15,255,0,15,255,0,15,255,0,15,255,0,15,255,0,15,255,0,15,255,0,15,255,0,15,255,0,15,255,0,15,255,0,15,255,0,15,255,0
55,255,0,55,255,0,55,255,0,55,255,0,55,255,0,0,0,0,0,0,0,55,255,0,55,255,0,55,255,0,55,255,0,55,255,0,0,0,0,0,0,0,0,0,0,0,0,0,0,0,0,0,0,0,55,255,0,55,255,0,55,255,0,55,255,0,55,255,0,0,0,0,0,0,0,55,255,0,55,255,0,55,255,0,55,255,0,55,255,0,55,255,0,55,255,0,55,255,0,55,255,0,55,255,0,55,255,0,55,255,0,55,255,0,55,255,0,55,255,0,55,255,0,55,255,0,55,255,0,55,255,0,55,255,0,55,255,0,55,255,0,55,255,0,55,255,0,55,255,0,55,255,0,55,255,0,55,255,0,55,255,0,55,255,0,55,255,0,55,255,0,55,255,0,55,255,0,55,255,0,55,255,0,55,255,0
119,255,0,119,255,0,0,0,0,119,255,0,119,255,0,119,255,0,0,0,0,57,125,0,119,255,0,119,255,0,119,255,0,119,255,0,1,2,0,0,0,0,0,0,0,0,0,0,0,0,0,1,2,0,119,255,0,119,255,0,119,255,0,119,255,0,57,125,0,0,0,0,119,255,0,119,255,0,119,255,0,0,0,0,119,255,0,119,255,0,119,255,0,119,255,0,119,255,0,119,255,0,119,255,0,119,255,0,119,255,0,119,255,0,119,255,0,119,255,0,119,255,0,119,255,0,119,255,0,119,255,0,119,255,0,119,255,0,119,255,0,119,255,0,119,255,0,119,255,0,119,255,0,119,255,0,119,255,0,119,255,0,119,255,0,119,255,0,119,255,0,119,255,0,119,255,0,119,255,0,119,255,0,119,255,0
223,255,0,223,255,0,223,255,0,223,255,0,223,255,0,223,255,0,0,0,0,0,0,0,223,255,0,223,255,0,223,255,0,223,255,0,223,255,0,0,0,0,0,0,0,0,0,0,0,0,0,223,255,0,223,255,0,223,255,0,223,255,0,223,255,0,0,0,0,0,0,0,223,255,0,223,255,0,223,255,0,223,255,0,223,255,0,223,255,0,223,255,0,223,255,0,223,255,0,223,255,0,223,255,0,223,255,0,223,255,0,223,255,0,223,255,0,223,255,0,223,255,0,223,255,0,223,255,0,223,255,0,223,255,0,223,255,0,223,255,0,223,255,0,223,255,0,223,255,0,223,255,0,223,255,0,223,255,0,223,255,0,223,255,0,223,255,0,223,255,0,223,255,0,223,255,0,223,255,0,223,255,0,223,255,0
255,228,0,255,228,0,255,228,0,255,237,1,255,228,0,255,228,0,0,0,0,0,0,0,255,228,0,255,228,0,255,228,0,255,228,0,255,228,0,0,0,0,0,0,0,0,0,0,0,0,0,255,228,0,255,228,0,255,228,0,255,228,0,255,228,0,0,0,0,0,0,0,255,228,0,255,228,0,255,237,1,255,228,0,255,228,0,255,228,0,255,228,0,255,228,0,255,228,0,255,228,0,255,228,0,255,228,0,255,228,0,255,228,0,255,228,0,255,228,0,255,228,0,255,228,0,255,228,0,255,228,0,255,228,0,255,228,0,255,228,0,255,228,0,255,228,0,255,228,0,255,228,0,255,228,0,255,228,0,255,228,0,255,228,0,255,228,0,255,228,0,255,228,0,255,228,0,255,228,0,255,228,0,255,228,0
255,125,0,255,125,0,255,125,0,0,0,0,255,125,0,255,125,0,255,125,0,0,0,0,0,0,0,255,125,0,255,125,0,255,125,0,255,125,0,255,125,0,0,0,0,0,0,0,255,125,0,255,125,0,255,125,0,255,125,0,255,125,0,0,0,0,0,0,0,255,125,0,255,125,0,255,125,0,0,0,0,255,125,0,255,125,0,255,125,0,8,4,0,8,4,0,8,4,0,8,4,0,8,3,0,8,3,0,8,3,0,8,3,0,255,125,0,255,125,0,255,125,0,255,125,0,255,125,0,255,125,0,255,125,0,255,125,0,255,125,0,255,125,0,255,125,0,255,125,0,255,125,0,255,125,0,255,125,0,255,125,0,8,3,0,8,3,0,8,3,0,8,3,0,8,4,0,8,4,0,8,4,0,8,4,0
255,54,0,255,54,0,255,54,0,255,54,0,255,54,0,255,54,0,255,54,0,0,0,0,0,0,0,255,54,0,255,54,0,255,54,0,255,54,0,255,54,0,0,0,0,0,0,0,255,54,0,255,54,0,255,54,0,255,54,0,255,54,0,0,0,0,0,0,0,255,54,0,255,54,0,255,54,0,255,54,0,255,54,0,255,54,0,255,54,0,122,26,0,122,26,0,123,26,0,123,26,0,123,26,0,123,26,0,123,26,0,123,26,0,255,54,0,255,54,0,255,54,0,255,54,0,255,54,0,255,54,0,255,54,0,255,54,0,255,54,0,255,54,0,255,54,0,255,54,0,255,54,0,255,54,0,255,54,0,255,54,0,123,26,0,123,26,0,123,26,0,123,26,0,123,26,0,123,26,0,122,26,0,122,26,0
255,31,0,255,31,0,255,31,0,255,31,0,255,31,0,255,31,0,255,31,0,0,0,0,0,0,0,255,31,0,255,31,0,255,31,0,255,31,0,255,31,0,0,0,0,0,0,0,255,31,0,255,31,0,255,31,0,255,31,0,255,31,0,0,0,0,0,0,0,255,31,0,255,31,0,255,31,0,255,31,0,255,31,0,255,31,0,255,31,0,255,31,0,255,31,0,255,31,0,255,31,0,255,31,0,255,31,0,255,31,0,255,31,0,255,31,0,255,31,0,255,31,0,255,31,0,255,31,0,255,31,0,255,31,0,255,31,0,255,31,0,255,31,0,255,31,0,255,31,0,255,31,0,255,31,0,255,31,0,255,31,0,255,31,0,255,31,0,255,31,0,255,31,0,255,31,0,255,31,0,255,31,0,255,31,0
255,6,0,255,6,0,255,6,0,255,6,0,0,0,0,255,6,0,255,6,0,255,6,0,0,0,0,0,0,0,255,6,0,255,6,0,255,6,0,255,6,0,255,6,0,255,6,0,255,6,0,255,6,0,255,6,0,255,6,0,0,0,0,0,0,0,255,6,0,255,6,0,255,6,0,0,0,0,255,6,0,255,6,0,255,6,0,255,6,0,255,6,0,255,6,0,255,6,0,255,6,0,255,6,0,255,6,0,255,6,0,255,6,0,255,6,0,255,6,0,255,6,0,255,6,0,255,6,0,255,6,0,255,6,0,255,6,0,255,6,0,255,6,0,255,6,0,255,6,0,255,6,0,255,6,0,255,6,0,255,6,0,255,6,0,255,6,0,255,6,0,255,6,0,255,6,0,255,6,0,255,6,0,255,6,0
255,0,1,255,0,1,255,0,1,255,0,1,255,0,1,255,0,1,255,0,1,255,0,1,0,0,0,0,0,0,255,0,1,255,0,1,255,0,1,255,0,1,255,0,1,255,0,1,255,0,1,255,0,1,255,0,1,255,0,1,0,0,0,0,0,0,255,0,1,255,0,1,255,0,1,255,0,1,255,0,1,255,0,1,255,0,1,255,0,1,255,0,1,255,0,1,255,0,1,255,0,1,255,0,1,255,0,1,255,0,1,255,0,1,255,0,1,255,0,1,255,0,1,255,0,1,255,0,1,255,0,1,255,0,1,255,0,1,255,0,1,255,0,1,255,0,1,255,0,1,255,0,1,255,0,1,255,0,1,255,0,1,255,0,1,255,0,1,255,0,1,255,0,1,255,0,1,255,0,1,255,0,1,255,0,1
255,0,6,255,0,6,255,0,6,255,0,6,255,0,6,255,0,6,255,0,6,255,0,6,0,0,0,0,0,0,255,0,6,255,0,6,255,0,6,255,0,6,255,0,6,255,0,6,255,0,6,255,0,6,255,0,6,255,0,6,0,0,0,0,0,0,255,0,6,255,0,6,255,0,6,255,0,6,255,0,6,255,0,6,255,0,6,255,0,6,255,0,6,255,0,6,255,0,6,255,0,6,255,0,6,255,0,6,255,0,6,255,0,6,255,0,6,255,0,6,255,0,6,255,0,6,255,0,6,255,0,6,255,0,6,255,0,6,255,0,6,255,0,6,255,0,6,255,0,6,255,0,6,255,0,6,255,0,6,255,0,6,255,0,6,255,0,6,255,0,6,255,0,6,255,0,6,255,0,6,255,0,6,255,0,6
164,0,33,255,0,51,255,0,51,255,0,51,255,0,51,255,0,51,255,0,51,255,0,51,255,0,51,0,0,0,0,0,0,255,0,51,255,0,51,255,0,51,255,0,51,255,0,51,255,0,51,255,0,51,255,0,51,0,0,0,0,0,0,255,0,51,255,0,51,255,0,51,255,0,51,255,0,51,255,0,51,255,0,51,255,0,51,164,0,33,255,0,51,255,0,51,255,0,51,255,0,51,255,0,51,255,0,51,255,0,51,255,0,51,255,0,51,255,0,51,255,0,51,255,0,51,255,0,51,255,0,51,255,0,51,255,0,51,255,0,51,255,0,51,255,0,51,255,0,51,255,0,51,255,0,51,255,0,51,255,0,51,255,0,51,255,0,51,255,0,51,255,0,51,255,0,51,255,0,51,255,0,51,255,0,51
0,0,0,255,0,109,255,0,109,255,0,109,255,0,109,255,0,109,29,0,12,255,0,109,255,0,109,2,0,1,0,0,0,255,0,109,255,0,109,255,0,109,255,0,109,255,0,109,255,0,109,255,0,109,255,0,109,0,0,0,2,0,1,255,0,109,255,0,109,29,0,12,255,0,109,255,0,109,255,0,109,255,0,109,255,0,109,0,0,0,255,0,109,255,0,109,255,0,109,255,0,109,255,0,109,255,0,109,255,0,109,255,0,109,0,0,0,0,0,0,0,0,0,0,0,0,0,0,0,0,0,0,0,0,0,0,0,0,0,0,0,0,0,0,0,0,0,0,0,0,0,0,0,0,0,0,0,0,0,0,0,0,255,0,109,255,0,109,255,0,109,255,0,109,255,0,109,255,0,109,255,0,109,255,0,109
0,0,0,255,0,207,255,0,207,255,0,207,255,0,207,255,0,207,65,0,52,255,0,207,255,0,207,255,0,207,0,0,0,0,0,0,255,0,207,255,0,207,255,0,207,255,0,207,255,0,207,255,0,207,0,0,0,0,0,0,255,0,207,255,0,207,255,0,207,66,0,52,255,0,207,255,0,207,255,0,207,255,0,207,255,0,207,0,0,0,255,0,219,255,0,219,255,0,219,255,0,219,255,0,219,255,0,219,255,0,219,255,0,219,0,0,0,0,0,0,0,0,0,0,0,0,0,0,0,0,0,0,0,0,0,0,0,0,0,0,0,0,0,0,0,0,0,0,0,0,0,0,0,0,0,0,0,0,0,0,0,0,255,0,219,255,0,219,255,0,219,255,0,219,255,0,219,255,0,219,255,0,219,255,0,219
0,0,0,0,0,0,186,0,255,186,0,255,186,0,255,186,0,255,186,0,255,186,0,255,186,0,255,186,0,255,0,0,0,0,0,0,186,0,255,186,0,255,186,0,255,186,0,255,186,0,255,186,0,255,0,0,0,0,0,0,186,0,255,186,0,255,186,0,255,186,0,255,186,0,255,186,0,255,186,0,255,186,0,255,0,0,0,0,0,0,186,0,255,186,0,255,186,0,255,186,0,255,186,0,255,186,0,255,186,0,255,186,0,255,0,0,0,0,0,0,0,0,0,0,0,0,0,0,0,0,0,0,0,0,0,0,0,0,0,0,0,0,0,0,0,0,0,0,0,0,0,0,0,0,0,0,0,0,0,0,0,0,186,0,255,186,0,255,186,0,255,186,0,255,186,0,255,186,0,255,186,0,255,186,0,255
0,0,0,0,0,0,135,0,255,135,0,255,135,0,255,135,0,255,135,0,255,0,0,0,135,0,255,135,0,255,135,0,255,0,0,0,135,0,255,135,0,255,135,0,255,135,0,255,135,0,255,135,0,255,0,0,0,135,0,255,135,0,255,135,0,255,0,0,0,135,0,255,135,0,255,135,0,255,135,0,255,135,0,255,0,0,0,0,0,0,135,0,255,135,0,255,135,0,255,135,0,255,135,0,255,135,0,255,135,0,255,135,0,255,0,0,0,0,0,0,0,0,0,0,0,0,0,0,0,0,0,0,0,0,0,0,0,0,0,0,0,0,0,0,0,0,0,0,0,0,0,0,0,0,0,0,0,0,0,0,0,0,135,0,255,135,0,255,135,0,255,135,0,255,135,0,255,135,0,255,135,0,255,135,0,255
0,0,0,0,0,0,69,0,255,69,0,255,69,0,255,69,0,255,69,0,255,69,0,255,69,0,255,69,0,255,69,0,255,0,0,0,0,0,0,69,0,255,69,0,255,69,0,255,69,0,255,0,0,0,0,0,0,69,0,255,69,0,255,69,0,255,69,0,255,69,0,255,69,0,255,69,0,255,69,0,255,69,0,255,0,0,0,0,0,0,69,0,255,69,0,255,69,0,255,69,0,255,69,0,255,69,0,255,69,0,255,69,0,255,0,0,0,0,0,0,0,0,0,0,0,0,0,0,0,0,0,0,0,0,0,0,0,0,0,0,0,0,0,0,0,0,0,0,0,0,0,0,0,0,0,0,0,0,0,0,0,0,69,0,255,69,0,255,69,0,255,69,0,255,69,0,255,69,0,255,69,0,255,69,0,255
0,0,0,0,0,0,0,0,0,26,0,255,26,0,255,26,0,255,26,0,255,26,0,255,26,0,255,26,0,255,26,0,255,0,0,0,0,0,0,26,0,255,26,0,255,26,0,255,26,0,255,0,0,0,0,0,0,26,0,255,26,0,255,26,0,255,26,0,255,26,0,255,26,0,255,26,0,255,26,0,255,0,0,0,0,0,0,0,0,0,26,0,255,26,0,255,26,0,255,26,0,255,26,0,255,26,0,255,26,0,255,26,0,255,26,0,255,26,0,255,26,0,255,26,0,255,26,0,255,26,0,255,26,0,255,26,0,255,26,0,255,26,0,255,26,0,255,26,0,255,26,0,255,26,0,255,26,0,255,26,0,255,26,0,255,26,0,255,26,0,255,26,0,255,26,0,255,26,0,255,26,0,255,26,0,255
0,0,0,0,0,0,0,0,0,13,0,255,13,0,255,13,0,255,13,0,255,13,0,255,0,0,0,13,0,255,13,0,255,13,0,255,0,0,0,13,0,255,13,0,255,13,0,255,13,0,255,0,0,0,13,0,255,13,0,255,13,0,255,0,0,0,13,0,255,13,0,255,13,0,255,13,0,255,13,0,255,0,0,0,0,0,0,0,0,0,13,0,255,13,0,255,13,0,255,13,0,255,13,0,255,13,0,255,13,0,255,13,0,255,13,0,255,13,0,255,13,0,255,13,0,255,13,0,255,13,0,255,13,0,255,13,0,255,13,0,255,13,0,255,13,0,255,13,0,255,13,0,255,13,0,255,13,0,255,13,0,255,13,0,255,13,0,255,13,0,255,13,0,255,13,0,255,13,0,255,13,0,255,13,0,255
0,0,0,0,0,0,0,0,0,0,0,0,46,0,255,46,0,255,46,0,255,46,0,255,46,0,255,46,0,255,46,0,255,46,0,255,0,0,0,0,0,0,46,0,255,46,0,255,0,0,0,0,0,0,46,0,255,46,0,255,46,0,255,46,0,255,46,0,255,46,0,255,46,0,255,46,0,255,0,0,0,0,0,0,0,0,0,0,0,0,46,0,255,46,0,255,46,0,255,46,0,255,46,0,255,46,0,255,46,0,255,46,0,255,46,0,255,46,0,255,46,0,255,46,0,255,46,0,255,46,0,255,46,0,255,46,0,255,46,0,255,46,0,255,46,0,255,46,0,255,46,0,255,46,0,255,46,0,255,46,0,255,46,0,255,46,0,255,46,0,255,46,0,255,46,0,255,46,0,255,46,0,255,46,0,255
0,0,0,0,0,0,0,0,0,0,0,0,66,0,255,66,0,255,66,0,255,66,0,255,66,0,255,53,0,205,66,0,255,66,0,255,0,0,0,0,0,0,66,0,255,66,0,255,0,0,0,0,0,0,66,0,255,66,0,255,53,0,205,66,0,255,66,0,255,66,0,255,66,0,255,66,0,255,0,0,0,0,0,0,0,0,0,0,0,0,0,0,0,0,0,0,0,0,0,0,0,0,0,0,0,0,0,0,0,0,0,0,0,0,66,0,255,66,0,255,66,0,255,66,0,255,66,0,255,66,0,255,66,0,255,66,0,255,66,0,255,66,0,255,66,0,255,66,0,255,66,0,255,66,0,255,66,0,255,66,0,255,0,0,0,0,0,0,0,0,0,0,0,0,0,0,0,0,0,0,0,0,0,0,0,0
0,0,0,0,0,0,0,0,0,0,0,0,137,0,255,137,0,255,137,0,255,137,0,255,137,0,255,0,0,0,137,0,255,137,0,255,137,0,255,0,0,0,0,0,0,0,0,0,0,0,0,137,0,255,137,0,255,137,0,255,0,0,0,137,0,255,137,0,255,137,0,255,137,0,255,137,0,255,0,0,0,0,0,0,0,0,0,0,0,0,0,0,0,0,0,0,0,0,0,0,0,0,0,0,0,0,0,0,0,0,0,0,0,0,137,0,255,137,0,255,137,0,255,137,0,255,137,0,255,137,0,255,137,0,255,137,0,255,137,0,255,137,0,255,137,0,255,137,0,255,137,0,255,137,0,255,137,0,255,137,0,255,0,0,0,0,0,0,0,0,0,0,0,0,0,0,0,0,0,0,0,0,0,0,0,0
0,0,0,0,0,0,0,0,0,0,0,0,0,0,0,228,0,255,228,0,255,228,0,255,228,0,255,228,0,255,233,0,255,228,0,255,228,0,255,0,0,0,0,0,0,0,0,0,0,0,0,228,0,255,228,0,255,233,0,255,228,0,255,228,0,255,228,0,255,228,0,255,228,0,255,0,0,0,0,0,0,0,0,0,0,0,0,0,0,0,0,0,0,0,0,0,0,0,0,0,0,0,0,0,0,0,0,0,0,0,0,0,0,0,228,0,255,228,0,255,228,0,255,228,0,255,228,0,255,228,0,255,228,0,255,228,0,255,228,0,255,228,0,255,228,0,255,228,0,255,228,0,255,228,0,255,228,0,255,228,0,255,0,0,0,0,0,0,0,0,0,0,0,0,0,0,0,0,0,0,0,0,0,0,0,0
0,0,0,0,0,0,0,0,0,0,0,0,0,0,0,255,0,219,255,0,219,255,0,219,255,0,219,255,0,219,8,0,6,255,0,219,255,0,219,45,0,38,0,0,0,0,0,0,45,0,38,255,0,219,255,0,219,8,0,6,255,0,219,255,0,219,255,0,219,255,0,219,255,0,219,0,0,0,0,0,0,0,0,0,0,0,0,0,0,0,0,0,0,0,0,0,0,0,0,0,0,0,0,0,0,0,0,0,0,0,0,0,0,0,255,0,219,255,0,219,255,0,219,255,0,219,255,0,219,255,0,219,255,0,219,255,0,219,255,0,219,255,0,219,255,0,219,255,0,219,255,0,219,255,0,219,255,0,219,255,0,219,0,0,0,0,0,0,0,0,0,0,0,0,0,0,0,0,0,0,0,0,0,0,0,0
0,0,0,0,0,0,0,0,0,0,0,0,0,0,0,0,0,0,255,0,83,255,0,83,255,0,83,255,0,83,255,0,83,255,0,83,255,0,83,255,0,83,0,0,0,0,0,0,255,0,83,255,0,83,255,0,83,255,0,83,255,0,83,255,0,83,255,0,83,255,0,83,0,0,0,0,0,0,0,0,0,0,0,0,0,0,0,0,0,0,0,0,0,0,0,0,0,0,0,0,0,0,0,0,0,0,0,0,0,0,0,0,0,0,255,0,83,255,0,83,255,0,83,255,0,83,255,0,83,255,0,83,255,0,83,255,0,83,255,0,83,255,0,83,255,0,83,255,0,83,255,0,83,255,0,83,255,0,83,255,0,83,0,0,0,0,0,0,0,0,0,0,0,0,0,0,0,0,0,0,0,0,0,0,0,0
0,0,0,0,0,0,0,0,0,0,0,0,0,0,0,0,0,0,255,0,59,255,0,59,255,0,59,255,0,59,255,0,59,255,0,59,255,0,59,255,0,59,0,0,0,0,0,0,255,0,59,255,0,59,255,0,59,255,0,59,255,0,59,255,0,59,255,0,59,255,0,59,0,0,0,0,0,0,0,0,0,0,0,0,0,0,0,0,0,0,0,0,0,0,0,0,0,0,0,0,0,0,0,0,0,0,0,0,0,0,0,0,0,0,0,0,0,0,0,0,0,0,0,0,0,0,0,0,0,0,0,0,0,0,0,0,0,0,0,0,0,0,0,0,0,0,0,0,0,0,0,0,0,0,0,0,0,0,0,0,0,0,0,0,0,0,0,0,0,0,0,0,0,0,0,0,0,0,0,0,0,0,0,0,0,0
0,0,0,0,0,0,0,0,0,0,0,0,0,0,0,0,0,0,255,0,19,255,0,19,255,0,19,255,0,19,255,0,19,0,0,0,255,0,19,255,0,19,255,0,19,255,0,19,255,0,19,255,0,19,0,0,0,255,0,19,255,0,19,255,0,19,255,0,19,255,0,19,0,0,0,0,0,0,0,0,0,0,0,0,0,0,0,0,0,0,0,0,0,0,0,0,0,0,0,0,0,0,0,0,0,0,0,0,0,0,0,0,0,0,255,0,19,255,0,19,255,0,19,255,0,19,255,0,19,255,0,19,255,0,19,255,0,19,255,0,19,255,0,19,255,0,19,255,0,19,255,0,19,255,0,19,255,0,19,255,0,19,0,0,0,0,0,0,0,0,0,0,0,0,0,0,0,0,0,0,0,0,0,0,0,0
0,0,0,0,0,0,0,0,0,0,0,0,0,0,0,0,0,0,0,0,0,255,0,3,255,0,3,255,0,3,255,0,3,255,0,3,255,0,3,255,0,3,255,0,3,255,0,3,255,0,3,255,0,3,255,0,3,255,0,3,255,0,3,255,0,3,255,0,3,0,0,0,0,0,0,0,0,0,0,0,0,0,0,0,0,0,0,0,0,0,0,0,0,0,0,0,0,0,0,0,0,0,0,0,0,0,0,0,0,0,0,0,0,0,255,0,3,255,0,3,255,0,3,255,0,3,255,0,3,255,0,3,255,0,3,255,0,3,255,0,3,255,0,3,255,0,3,255,0,3,255,0,3,255,0,3,255,0,3,255,0,3,0,0,0,0,0,0,0,0,0,0,0,0,0,0,0,0,0,0,0,0,0,0,0,0
0,0,0,0,0,0,0,0,0,0,0,0,0,0,0,0,0,0,0,0,0,255,3,0,255,3,0,255,3,0,255,3,0,255,3,0,0,0,0,255,3,0,255,3,0,255,3,0,255,3,0,0,0,0,255,3,0,255,3,0,255,3,0,255,3,0,255,3,0,0,0,0,0,0,0,0,0,0,0,0,0,0,0,0,0,0,0,0,0,0,0,0,0,0,0,0,0,0,0,0,0,0,0,0,0,0,0,0,0,0,0,0,0,0,255,3,0,255,3,0,255,3,0,255,3,0,255,3,0,255,3,0,255,3,0,255,3,0,255,3,0,255,3,0,255,3,0,255,3,0,255,3,0,255,3,0,255,3,0,255,3,0,0,0,0,0,0,0,0,0,0,0,0,0,0,0,0,0,0,0,0,0,0,0,0,0
0,0,0,0,0,0,0,0,0,0,0,0,0,0,0,0,0,0,0,0,0,255,19,0,255,19,0,255,19,0,255,19,0,255,19,0,255,19,0,255,19,0,255,19,0,255,19,0,255,19,0,255,19,0,255,19,0,255,19,0,255,19,0,255,19,0,255,19,0,0,0,0,0,0,0,0,0,0,0,0,0,0,0,0,0,0,0,0,0,0,0,0,0,0,0,0,0,0,0,0,0,0,0,0,0,0,0,0,0,0,0,0,0,0,255,19,0,255,19,0,255,19,0,255,19,0,255,19,0,255,19,0,255,19,0,255,19,0,255,19,0,255,19,0,255,19,0,255,19,0,255,19,0,255,19,0,255,19,0,255,19,0,0,0,0,0,0,0,0,0,0,0,0,0,0,0,0,0,0,0,0,0,0,0,0,0
0,0,0,0,0,0,0,0,0,0,0,0,0,0,0,0,0,0,0,0,0,0,0,0,255,38,0,255,38,0,255,38,0,255,38,0,255,38,0,255,38,0,255,38,0,255,38,0,255,38,0,255,38,0,255,38,0,255,38,0,255,38,0,255,38,0,0,0,0,0,0,0,0,0,0,0,0,0,0,0,0,0,0,0,0,0,0,0,0,0,0,0,0,0,0,0,0,0,0,0,0,0,0,0,0,0,0,0,0,0,0,0,0,0,255,38,0,255,38,0,255,38,0,255,38,0,255,38,0,255,38,0,255,38,0,255,38,0,255,38,0,255,38,0,255,38,0,255,38,0,255,38,0,255,38,0,255,38,0,255,38,0,0,0,0,0,0,0,0,0,0,0,0,0,0,0,0,0,0,0,0,0,0,0,0,0
255,95,0,0,0,0,0,0,0,0,0,0,0,0,0,0,0,0,0,0,0,0,0,0,255,95,0,255,95,0,255,115,0,255,95,0,255,95,0,0,0,0,255,95,0,255,95,0,0,0,0,255,95,0,255,95,0,255,115,0,255,95,0,255,95,0,0,0,0,0,0,0,0,0,0,0,0,0,0,0,0,0,0,0,0,0,0,255,95,0,0,0,0,0,0,0,0,0,0,0,0,0,0,0,0,0,0,0,0,0,0,0,0,0,255,95,0,255,95,0,255,95,0,255,95,0,255,95,0,255,95,0,255,95,0,255,95,0,255,95,0,255,95,0,255,95,0,255,95,0,255,95,0,255,95,0,255,95,0,255,95,0,0,0,0,0,0,0,0,0,0,0,0,0,0,0,0,0,0,0,0,0,0,0,0,0
255,203,0,0,0,0,0,0,0,0,0,0,0,0,0,0,0,0,0,0,0,0,0,0,3,2,0,255,203,0,255,203,0,255,203,0,255,203,0,255,203,0,255,203,0,255,203,0,255,203,0,255,203,0,255,203,0,255,203,0,255,203,0,2,2,0,0,0,0,0,0,0,0,0,0,0,0,0,0,0,0,0,0,0,0,0,0,255,203,0,0,0,0,0,0,0,0,0,0,0,0,0,0,0,0,0,0,0,0,0,0,0,0,0,255,203,0,255,203,0,255,203,0,255,203,0,255,203,0,255,203,0,255,203,0,255,203,0,255,203,0,255,203,0,255,203,0,255,203,0,255,203,0,255,203,0,255,203,0,255,203,0,0,0,0,0,0,0,0,0,0,0,0,0,0,0,0,0,0,0,0,0,0,0,0,0
190,255,0,190,255,0,0,0,0,0,0,0,0,0,0,0,0,0,0,0,0,0,0,0,0,0,0,190,255,0,190,255,0,190,255,0,190,255,0,190,255,0,0,0,0,0,0,0,190,255,0,190,255,0,190,255,0,190,255,0,190,255,0,0,0,0,0,0,0,0,0,0,0,0,0,0,0,0,0,0,0,0,0,0,190,255,0,190,255,0,0,0,0,0,0,0,0,0,0,0,0,0,0,0,0,0,0,0,0,0,0,0,0,0,190,255,0,190,255,0,190,255,0,190,255,0,190,255,0,190,255,0,190,255,0,190,255,0,190,255,0,190,255,0,190,255,0,190,255,0,190,255,0,190,255,0,190,255,0,190,255,0,0,0,0,0,0,0,0,0,0,0,0,0,0,0,0,0,0,0,0,0,0,0,0,0
138,255,0,138,255,0,0,0,0,0,0,0,0,0,0,0,0,0,0,0,0,0,0,0,0,0,0,138,255,0,138,255,0,138,255,0,138,255,0,138,255,0,0,0,0,0,0,0,138,255,0,138,255,0,138,255,0,138,255,0,138,255,0,0,0,0,0,0,0,0,0,0,0,0,0,0,0,0,0,0,0,0,0,0,138,255,0,138,255,0,0,0,0,0,0,0,0,0,0,0,0,0,0,0,0,0,0,0,0,0,0,0,0,0,138,255,0,138,255,0,138,255,0,138,255,0,138,255,0,138,255,0,138,255,0,138,255,0,138,255,0,138,255,0,138,255,0,138,255,0,138,255,0,138,255,0,138,255,0,138,255,0,0,0,0,0,0,0,0,0,0,0,0,0,0,0,0,0,0,0,0,0,0,0,0,0
66,255,0,66,255,0,0,0,0,0,0,0,0,0,0,0,0,0,0,0,0,0,0,0,0,0,0,0,0,0,66,255,0,66,255,0,66,255,0,66,255,0,66,255,0,66,255,0,66,255,0,66,255,0,66,255,0,66,255,0,0,0,0,0,0,0,0,0,0,0,0,0,0,0,0,0,0,0,0,0,0,0,0,0,66,255,0,66,255,0,0,0,0,0,0,0,0,0,0,0,0,0,0,0,0,0,0,0,0,0,0,0,0,0,66,255,0,66,255,0,66,255,0,66,255,0,66,255,0,66,255,0,66,255,0,66,255,0,66,255,0,66,255,0,66,255,0,66,255,0,66,255,0,66,255,0,66,255,0,66,255,0,0,0,0,0,0,0,0,0,0,0,0,0,0,0,0,0,0,0,0,0,0,0,0,0
25,255,0,25,255,0,25,255,0,0,0,0,0,0,0,0,0,0,0,0,0,0,0,0,0,0,0,0,0,0,25,255,0,25,255,0,25,255,0,25,255,0,25,255,0,25,255,0,25,255,0,25,255,0,25,255,0,25,255,0,0,0,0,0,0,0,0,0,0,0,0,0,0,0,0,0,0,0,0,0,0,25,255,0,25,255,0,25,255,0,0,0,0,0,0,0,0,0,0,0,0,0,0,0,0,0,0,0,0,0,0,0,0,0,25,255,0,25,255,0,25,255,0,25,255,0,25,255,0,25,255,0,25,255,0,25,255,0,25,255,0,25,255,0,25,255,0,25,255,0,25,255,0,25,255,0,25,255,0,25,255,0,0,0,0,0,0,0,0,0,0,0,0,0,0,0,0,0,0,0,0,0,0,0,0,0
4,255,0,4,255,0,4,255,0,0,0,0,0,0,0,0,0,0,0,0,0,0,0,0,0,0,0,0,0,0,4,255,0,4,255,0,4,255,0,4,255,0,4,255,0,4,255,0,4,255,0,4,255,0,4,255,0,4,255,0,0,0,0,0,0,0,0,0,0,0,0,0,0,0,0,0,0,0,0,0,0,4,255,0,4,255,0,4,255,0,0,0,0,0,0,0,0,0,0,0,0,0,0,0,0,0,0,0,0,0,0,0,0,0,4,255,0,4,255,0,4,255,0,4,255,0,4,255,0,4,255,0,4,255,0,4,255,0,4,255,0,4,255,0,4,255,0,4,255,0,4,255,0,4,255,0,4,255,0,4,255,0,0,0,0,0,0,0,0,0,0,0,0,0,0,0,0,0,0,0,0,0,0,0,0,0
0,255,3,0,255,3,0,255,3,0,255,3,0,0,0,0,0,0,0,0,0,0,0,0,0,0,0,0,0,0,0,0,0,0,255,3,0,255,3,0,255,3,0,255,3,0,255,3,0,255,3,0,255,3,0,255,3,0,0,0,0,0,0,0,0,0,0,0,0,0,0,0,0,0,0,0,0,0,0,255,3,0,255,3,0,255,3,0,255,3,0,0,0,0,0,0,0,0,0,0,0,0,0,0,0,0,0,0,0,0,0,0,0,0,0,255,3,0,255,3,0,255,3,0,255,3,0,255,3,0,255,3,0,255,3,0,255,3,0,255,3,0,255,3,0,255,3,0,255,3,0,255,3,0,255,3,0,255,3,0,255,3,0,0,0,0,0,0,0,0,0,0,0,0,0,0,0,0,0,0,0,0,0,0,0,0
0,255,20,0,255,20,0,255,20,0,255,20,0,0,0,0,0,0,0,0,0,0,0,0,0,0,0,0,0,0,0,0,0,0,255,20,0,255,20,0,255,20,0,255,20,0,255,20,0,255,20,0,255,20,0,255,20,0,0,0,0,0,0,0,0,0,0,0,0,0,0,0,0,0,0,0,0,0,0,255,20,0,255,20,0,255,20,0,255,20,0,255,20,0,255,20,0,255,20,0,255,20,0,255,20,0,255,20,0,255,20,0,255,20,0,8,0,0,8,0,0,8,0,0,8,0,0,8,0,0,8,0,0,7,0,0,7,0,0,7,0,0,7,0,0,8,0,0,8,0,0,8,0,0,8,0,0,8,0,0,8,0,0,255,20,0,255,20,0,255,20,0,255,20,0,255,20,0,255,20,0,255,20,0,255,20
0,255,62,0,255,62,0,255,62,0,255,62,0,0,0,0,0,0,0,0,0,0,0,0,0,0,0,0,0,0,0,0,0,0,0,0,0,255,62,0,255,62,0,255,62,0,255,62,0,255,62,0,255,62,0,0,0,0,0,0,0,0,0,0,0,0,0,0,0,0,0,0,0,0,0,0,0,0,0,255,62,0,255,62,0,255,62,0,255,62,0,255,62,0,255,62,0,255,62,0,255,62,0,255,62,0,255,62,0,255,62,0,255,62,0,0,0,0,0,0,0,0,0,0,0,0,0,0,0,0,0,0,0,0,0,0,0,0,0,0,0,0,0,0,0,0,0,0,0,0,0,0,0,0,0,0,0,0,0,0,0,0,0,255,62,0,255,62,0,255,62,0,255,62,0,255,62,0,255,62,0,255,62,0,255,62
0,255,125,0,255,125,0,255,125,0,255,125,0,255,125,0,0,0,0,0,0,0,0,0,0,0,0,0,0,0,0,0,0,0,0,0,0,255,125,0,255,125,0,255,133,0,255,133,0,255,125,0,255,125,0,0,0,0,0,0,0,0,0,0,0,0,0,0,0,0,0,0,0,0,0,0,255,125,0,255,125,0,255,125,0,255,125,0,255,125,0,255,125,0,255,125,0,255,125,0,255,125,0,255,125,0,255,125,0,255,125,0,255,125,0,0,0,0,0,0,0,0,0,0,0,0,0,0,0,0,0,0,0,0,0,0,0,0,0,0,0,0,0,0,0,0,0,0,0,0,0,0,0,0,0,0,0,0,0,0,0,0,0,255,125,0,255,125,0,255,125,0,255,125,0,255,125,0,255,125,0,255,125,0,255,125
0,255,166,0,255,166,0,255,166,0,255,166,0,255,166,0,0,0,0,0,0,0,0,0,0,0,0,0,0,0,0,0,0,0,0,0,0,255,166,0,255,166,0,255,166,0,255,166,0,255,166,0,255,166,0,0,0,0,0,0,0,0,0,0,0,0,0,0,0,0,0,0,0,0,0,0,255,166,0,255,166,0,255,166,0,255,166,0,255,166,0,255,166,0,255,166,0,255,166,0,255,166,0,255,166,0,255,166,0,255,166,0,255,166,0,0,0,0,0,0,0,0,0,0,0,0,0,0,0,0,0,0,0,0,0,0,0,0,0,0,0,0,0,0,0,0,0,0,0,0,0,0,0,0,0,0,0,0,0,0,0,0,0,255,166,0,255,166,0,255,166,0,255,166,0,255,166,0,255,166,0,255,166,0,255,166
0,26,29,0,235,255,0,235,255,0,235,255,0,235,255,0,147,158,0,0,0,0,0,0,0,0,0,0,0,0,0,0,0,0,0,0,0,0,0,0,235,255,0,235,255,0,235,255,0,235,255,0,0,0,0,0,0,0,0,0,0,0,0,0,0,0,0,0,0,0,0,0,0,147,158,0,235,255,0,235,255,0,235,255,0,235,255,0,26,29,0,235,255,0,235,255,0,235,255,0,235,255,0,235,255,0,235,255,0,235,255,0,235,255,0,0,0,0,0,0,0,0,0,0,0,0,0,0,0,0,0,0,0,0,0,0,0,0,0,0,0,0,0,0,0,0,0,0,0,0,0,0,0,0,0,0,0,0,0,0,0,0,0,235,255,0,235,255,0,235,255,0,235,255,0,235,255,0,235,255,0,235,255,0,235,255
0,0,0,0,138,255,0,138,255,0,138,255,0,138,255,0,138,255,0,0,0,0,0,0,0,0,0,0,0,0,0,0,0,0,0,0,0,0,0,0,138,255,0,138,255,0,138,255,0,138,255,0,0,0,0,0,0,0,0,0,0,0,0,0,0,0,0,0,0,0,0,0,0,138,255,0,138,255,0,138,255,0,138,255,0,138,255,0,0,0,0,138,255,0,138,255,0,138,255,0,138,255,0,138,255,0,138,255,0,138,255,0,138,255,0,0,0,0,0,0,0,0,0,0,0,0,0,0,0,0,0,0,0,0,0,0,0,0,0,0,0,0,0,0,0,0,0,0,0,0,0,0,0,0,0,0,0,0,0,0,0,0,0,138,255,0,138,255,0,138,255,0,138,255,0,138,255,0,138,255,0,138,255,0,138,255
0,0,0,0,63,255,0,63,255,0,63,255,0,63,255,0,63,255,0,0,0,0,0,0,0,0,0,0,0,0,0,0,0,0,0,0,0,0,0,0,0,0,0,63,255,0,63,255,0,0,0,0,0,0,0,0,0,0,0,0,0,0,0,0,0,0,0,0,0,0,0,0,0,63,255,0,63,255,0,63,255,0,63,255,0,63,255,0,0,0,0,63,255,0,63,255,0,63,255,0,63,255,0,63,255,0,63,255,0,63,255,0,63,255,0,0,0,0,0,0,0,0,0,0,0,0,0,0,0,0,0,0,0,0,0,0,0,0,0,0,0,0,0,0,0,0,0,0,0,0,0,0,0,0,0,0,0,0,0,0,0,0,0,63,255,0,63,255,0,63,255,0,63,255,0,63,255,0,63,255,0,63,255,0,63,255
0,0,0,0,0,0,0,23,255,0,23,255,0,23,255,0,23,255,0,23,255,0,0,0,0,0,0,0,0,0,0,0,0,0,0,0,0,0,0,0,0,0,0,23,255,0,23,255,0,0,0,0,0,0,0,0,0,0,0,0,0,0,0,0,0,0,0,0,0,0,23,255,0,23,255,0,23,255,0,23,255,0,23,255,0,0,0,0,0,0,0,23,255,0,23,255,0,23,255,0,23,255,0,23,255,0,23,255,0,23,255,0,23,255,0,0,0,0,0,0,0,0,0,0,0,0,0,0,0,0,0,0,0,0,0,0,0,0,0,0,0,0,0,0,0,0,0,0,0,0,0,0,0,0,0,0,0,0,0,0,0,0,0,23,255,0,23,255,0,23,255,0,23,255,0,23,255,0,23,255,0,23,255,0,23,255
0,0,0,0,0,0,0,12,255,0,12,255,0,12,255,0,12,255,0,12,255,0,0,0,0,0,0,0,0,0,0,0,0,0,0,0,0,0,0,0,0,0,0,12,255,0,12,255,0,0,0,0,0,0,0,0,0,0,0,0,0,0,0,0,0,0,0,0,0,0,12,255,0,12,255,0,12,255,0,12,255,0,12,255,0,0,0,0,0,0,0,12,255,0,12,255,0,12,255,0,12,255,0,12,255,0,12,255,0,12,255,0,12,255,0,0,0,0,0,0,0,0,0,0,0,0,0,0,0,0,0,0,0,0,0,0,0,0,0,0,0,0,0,0,0,0,0,0,0,0,0,0,0,0,0,0,0,0,0,0,0,0,0,12,255,0,12,255,0,12,255,0,12,255,0,12,255,0,12,255,0,12,255,0,12,255
0,0,0,0,0,0,0,4,255,0,4,255,0,4,255,0,4,255,0,4,255,0,0,0,0,0,0,0,0,0,0,0,0,0,0,0,0,0,0,0,0,0,0,4,255,0,4,255,0,0,0,0,0,0,0,0,0,0,0,0,0,0,0,0,0,0,0,0,0,0,4,255,0,4,255,0,4,255,0,4,255,0,4,255,0,0,0,0,0,0,0,4,255,0,4,255,0,4,255,0,4,255,0,4,255,0,4,255,0,4,255,0,4,255,0,0,0,0,0,0,0,0,0,0,0,0,0,0,0,0,0,0,0,0,0,0,0,0,0,0,0,0,0,0,0,0,0,0,0,0,0,0,0,0,0,0,0,0,0,0,0,0,0,4,255,0,4,255,0,4,255,0,4,255,0,4,255,0,4,255,0,4,255,0,4,255
6,0,255,0,0,0,0,0,0,6,0,255,6,0,255,6,0,255,6,0,255,6,0,255,0,0,0,0,0,0,0,0,0,0,0,0,0,0,0,0,0,0,0,0,0,0,0,0,0,0,0,0,0,0,0,0,0,0,0,0,0,0,0,0,0,0,6,0,255,6,0,255,6,0,255,6,0,255,6,0,255,0,0,0,0,0,0,6,0,255,6,0,255,6,0,255,6,0,255,6,0,255,6,0,255,6,0,255,6,0,255,6,0,255,0,0,0,0,0,0,0,0,0,0,0,0,0,0,0,0,0,0,0,0,0,0,0,0,0,0,0,0,0,0,0,0,0,0,0,0,0,0,0,0,0,0,0,0,0,0,0,0,6,0,255,6,0,255,6,0,255,6,0,255,6,0,255,6,0,255,6,0,255,6,0,255
2,0,255,0,0,0,0,0,0,2,0,255,2,0,255,2,0,255,2,0,255,2,0,255,0,0,0,0,0,0,0,0,0,0,0,0,0,0,0,0,0,0,0,0,0,0,0,0,0,0,0,0,0,0,0,0,0,0,0,0,0,0,0,0,0,0,2,0,255,2,0,255,2,0,255,2,0,255,2,0,255,0,0,0,0,0,0,2,0,255,2,0,255,2,0,255,2,0,255,2,0,255,2,0,255,2,0,255,2,0,255,2,0,255,0,0,0,0,0,0,0,0,0,0,0,0,0,0,0,0,0,0,0,0,0,0,0,0,0,0,0,0,0,0,0,0,0,0,0,0,0,0,0,0,0,0,0,0,0,0,0,0,2,0,255,2,0,255,2,0,255,2,0,255,2,0,255,2,0,255,2,0,255,2,0,255
0,5,255,0,5,255,0,0,0,0,4,207,0,5,255,0,5,255,0,5,255,0,5,255,0,0,0,0,0,0,0,0,0,0,0,0,0,0,0,0,0,0,0,0,0,0,0,0,0,0,0,0,0,0,0,0,0,0,0,0,0,0,0,0,0,0,0,5,255,0,5,255,0,5,255,0,5,255,0,4,207,0,0,0,0,5,255,0,5,255,0,5,255,0,5,255,0,5,255,0,5,255,0,5,255,0,5,255,0,5,255,0,5,255,0,0,0,0,0,0,0,0,0,0,0,0,0,0,0,0,0,0,0,0,0,0,0,0,0,0,0,0,0,0,0,0,0,0,0,0,0,0,0,0,0,0,0,0,0,0,0,0,0,5,255,0,5,255,0,5,255,0,5,255,0,5,255,0,5,255,0,5,255,0,5,255
0,26,255,0,26,255,0,0,0,0,0,0,0,26,255,0,26,255,0,26,255,0,26,255,0,26,255,0,0,0,0,0,0,0,0,0,0,0,0,0,0,0,0,0,0,0,0,0,0,0,0,0,0,0,0,0,0,0,0,0,0,0,0,0,26,255,0,26,255,0,26,255,0,26,255,0,26,255,0,0,0,0,0,0,0,26,255,0,26,255,0,0,0,0,0,0,0,0,0,0,0,0,0,0,0,0,0,0,0,0,0,0,0,0,0,0,0,0,0,0,0,0,0,0,0,0,0,0,0,0,0,0,0,0,0,0,0,0,0,0,0,0,0,0,0,0,0,0,0,0,0,0,0,0,0,0,0,0,0,0,0,0,0,0,0,0,0,0,0,0,0,0,0,0,0,0,0,0,0,0,0,0,0,0,0,0
0,75,255,0,75,255,0,47,158,0,0,0,0,75,255,0,75,255,0,75,255,0,75,255,0,75,255,0,0,0,0,0,0,0,0,0,0,0,0,0,0,0,0,0,0,0,0,0,0,0,0,0,0,0,0,0,0,0,0,0,0,0,0,0,75,255,0,75,255,0,75,255,0,75,255,0,75,255,0,0,0,0,47,158,0,75,255,0,75,255,0,0,0,0,0,0,0,0,0,0,0,0,0,0,0,0,0,0,0,0,0,0,0,0,0,0,0,0,0,0,0,0,0,0,0,0,0,0,0,0,0,0,0,0,0,0,0,0,0,0,0,0,0,0,0,0,0,0,0,0,0,0,0,0,0,0,0,0,0,0,0,0,0,0,0,0,0,0,0,0,0,0,0,0,0,0,0,0,0,0,0,0,0,0,0,0
0,108,255,0,108,255,0,108,255,0,0,0,0,3,8,0,108,255,0,108,255,0,108,255,0,108,255,0,108,255,0,0,0,0,0,0,0,0,0,0,0,0,0,0,0,0,0,0,0,0,0,0,0,0,0,0,0,0,0,0,0,108,255,0,108,255,0,108,255,0,108,255,0,108,255,0,3,8,0,0,0,0,108,255,0,108,255,0,108,255,0,0,0,0,0,0,0,0,0,0,0,0,0,0,0,0,0,0,0,0,0,0,0,0,0,0,0,0,0,0,0,0,0,0,0,0,0,0,0,0,0,0,0,0,0,0,0,0,0,0,0,0,0,0,0,0,0,0,0,0,0,0,0,0,0,0,0,0,0,0,0,0,0,0,0,0,0,0,0,0,0,0,0,0,0,0,0,0,0,0,0,0,0,0,0,0
0,255,237,0,255,237,0,255,237,0,0,0,0,0,0,0,255,237,0,255,237,0,255,237,0,255,237,0,255,237,0,0,0,0,0,0,0,0,0,0,0,0,0,0,0,0,0,0,0,0,0,0,0,0,0,0,0,0,0,0,0,255,237,0,255,237,0,255,237,0,255,237,0,255,237,0,0,0,0,0,0,0,255,237,0,255,237,0,255,237,0,0,0,0,0,0,0,0,0,0,0,0,0,0,0,0,0,0,0,0,0,0,0,0,0,0,0,0,0,0,0,0,0,0,0,0,0,0,0,0,0,0,0,0,0,0,0,0,0,0,0,0,0,0,0,0,0,0,0,0,0,0,0,0,0,0,0,0,0,0,0,0,0,0,0,0,0,0,0,0,0,0,0,0,0,0,0,0,0,0,0,0,0,0,0,0
0,0,0,0,255,188,0,255,188,0,255,188,0,0,0,0,255,188,0,255,188,0,255,201,0,255,188,0,255,188,0,0,0,0,0,0,0,0,0,0,0,0,0,0,0,0,0,0,0,0,0,0,0,0,0,0,0,0,0,0,0,255,188,0,255,188,0,255,201,0,255,188,0,255,188,0,0,0,0,255,188,0,255,188,0,255,188,0,0,0,0,0,0,0,0,0,0,0,0,0,0,0,0,0,0,0,0,0,0,0,0,0,0,0,0,0,0,0,0,0,0,0,0,0,0,0,0,0,0,0,0,0,0,0,0,0,0,0,0,0,0,0,0,0,0,0,0,0,0,0,0,0,0,0,0,0,0,0,0,0,0,0,0,0,0,0,0,0,0,0,0,0,0,0,0,0,0,0,0,0,0,0,0,0,0,0
0,255,61,0,255,61,0,255,61,0,255,61,0,0,0,0,0,0,0,255,61,0,255,61,0,255,61,0,255,61,0,255,61,0,0,0,0,0,0,0,0,0,0,0,0,0,0,0,0,0,0,0,0,0,0,0,0,0,255,61,0,255,61,0,255,61,0,255,61,0,255,61,0,0,0,0,0,0,0,255,61,0,255,61,0,255,61,0,255,61,0,255,61,0,255,61,0,255,61,0,255,61,0,255,61,0,255,61,0,255,61,0,255,61,0,0,0,0,0,0,0,0,0,0,0,0,0,0,0,0,0,0,0,0,0,0,0,0,0,0,0,0,0,0,0,0,0,0,0,0,0,0,0,0,0,0,0,0,0,0,0,0,0,255,61,0,255,61,0,255,61,0,255,61,0,255,61,0,255,61,0,255,61,0,255,61
0,255,21,0,0,0,0,255,21,0,255,21,0,255,21,0,0,0,0,255,21,0,255,21,0,255,24,0,255,21,0,255,21,0,0,0,0,0,0,0,0,0,0,0,0,0,0,0,0,0,0,0,0,0,0,0,0,0,255,21,0,255,21,0,255,24,0,255,21,0,255,21,0,0,0,0,255,21,0,255,21,0,255,21,0,0,0,0,255,21,0,255,21,0,255,21,0,255,21,0,255,21,0,255,21,0,255,21,0,255,21,0,255,21,0,255,21,0,255,21,0,255,21,0,255,21,0,255,21,0,255,21,0,255,21,0,255,21,0,255,21,0,255,21,0,255,21,0,255,21,0,255,21,0,255,21,0,255,21,0,255,21,0,255,21,0,255,21,0,255,21,0,255,21,0,255,21,0,255,21,0,255,21,0,255,21
0,255,3,0,255,3,0,255,3,0,255,3,0,255,3,0,0,0,0,0,0,0,255,3,0,255,3,0,255,3,0,255,3,0,255,3,0,0,0,0,0,0,0,0,0,0,0,0,0,0,0,0,0,0,0,255,3,0,255,3,0,255,3,0,255,3,0,255,3,0,0,0,0,0,0,0,255,3,0,255,3,0,255,3,0,255,3,0,255,3,0,255,3,0,255,3,0,255,3,0,255,3,0,255,3,0,255,3,0,255,3,0,255,3,0,255,3,0,255,3,0,255,3,0,255,3,0,255,3,0,255,3,0,255,3,0,255,3,0,255,3,0,255,3,0,255,3,0,255,3,0,255,3,0,255,3,0,255,3,0,255,3,0,255,3,0,255,3,0,255,3,0,255,3,0,255,3,0,255,3,0,255,3,0,255,3
2,255,0,2,255,0,0,67,0,2,255,0,2,255,0,0,0,0,0,0,0,2,255,0,2,255,0,2,255,0,2,255,0,2,255,0,0,0,0,0,0,0,0,0,0,0,0,0,0,0,0,0,0,0,2,255,0,2,255,0,2,255,0,2,255,0,2,255,0,0,0,0,0,0,0,2,255,0,2,255,0,0,67,0,2,255,0,2,255,0,2,255,0,2,255,0,2,255,0,2,255,0,2,255,0,2,255,0,2,255,0,2,255,0,2,255,0,2,255,0,2,255,0,2,255,0,2,255,0,2,255,0,2,255,0,2,255,0,2,255,0,2,255,0,2,255,0,2,255,0,2,255,0,2,255,0,2,255,0,2,255,0,2,255,0,2,255,0,2,255,0,2,255,0,2,255,0,2,255,0,2,255,0,2,255,0
17,255,0,17,255,0,1,28,0,17,255,0,17,255,0,17,255,0,0,0,0,0,0,0,17,255,0,17,255,0,17,255,0,17,255,0,17,255,0,0,0,0,0,0,0,0,0,0,0,0,0,17,255,0,17,255,0,17,255,0,17,255,0,17,255,0,0,0,0,0,0,0,17,255,0,17,255,0,17,255,0,1,28,0,17,255,0,17,255,0,17,255,0,17,255,0,17,255,0,17,255,0,17,255,0,17,255,0,17,255,0,17,255,0,17,255,0,17,255,0,17,255,0,17,255,0,17,255,0,17,255,0,17,255,0,17,255,0,17,255,0,17,255,0,17,255,0,17,255,0,17,255,0,17,255,0,17,255,0,17,255,0,17,255,0,17,255,0,17,255,0,17,255,0,17,255,0,17,255,0,17,255,0,17,255,0
52,255,0,52,255,0,52,255,0,114,255,1,52,255,0,52,255,0,0,0,0,0,0,0,52,255,0,52,255,0,52,255,0,52,255,0,52,255,0,0,0,0,0,0,0,0,0,0,0,0,0,52,255,0,52,255,0,52,255,0,52,255,0,52,255,0,0,0,0,0,0,0,52,255,0,52,255,0,114,255,1,52,255,0,52,255,0,52,255,0,52,255,0,52,255,0,52,255,0,52,255,0,52,255,0,52,255,0,52,255,0,52,255,0,52,255,0,52,255,0,52,255,0,52,255,0,52,255,0,52,255,0,52,255,0,52,255,0,52,255,0,52,255,0,52,255,0,52,255,0,52,255,0,52,255,0,52,255,0,52,255,0,52,255,0,52,255,0,52,255,0,52,255,0,52,255,0,52,255,0,52,255,0,52,255,0
114,255,0,114,255,0,114,255,0,0,0,0,114,255,0,114,255,0,114,255,0,0,0,0,0,0,0,114,255,0,114,255,0,114,255,0,114,255,0,114,255,0,0,0,0,0,0,0,114,255,0,114,255,0,114,255,0,114,255,0,114,255,0,0,0,0,0,0,0,114,255,0,114,255,0,114,255,0,0,0,0,114,255,0,114,255,0,114,255,0,3,8,0,3,8,0,3,8,0,3,8,0,3,8,0,3,8,0,3,8,0,3,8,0,114,255,0,114,255,0,114,255,0,114,255,0,114,255,0,114,255,0,114,255,0,114,255,0,114,255,0,114,255,0,114,255,0,114,255,0,114,255,0,114,255,0,114,255,0,114,255,0,3,8,0,3,8,0,3,8,0,3,8,0,3,8,0,3,8,0,3,8,0,3,8,0
199,255,0,199,255,0,199,255,0,199,255,0,199,255,0,199,255,0,199,255,0,0,0,0,0,0,0,199,255,0,199,255,0,199,255,0,199,255,0,199,255,0,0,0,0,0,0,0,199,255,0,199,255,0,199,255,0,199,255,0,199,255,0,0,0,0,0,0,0,199,255,0,199,255,0,199,255,0,199,255,0,199,255,0,199,255,0,199,255,0,95,122,0,95,122,0,95,123,0,95,123,0,96,123,0,96,123,0,96,123,0,96,123,0,199,255,0,199,255,0,199,255,0,199,255,0,199,255,0,199,255,0,199,255,0,199,255,0,199,255,0,199,255,0,199,255,0,199,255,0,199,255,0,199,255,0,199,255,0,199,255,0,96,123,0,96,123,0,96,123,0,96,123,0,95,123,0,95,123,0,95,122,0,95,122,0
252,255,0,252,255,0,252,255,0,252,255,0,252,255,0,252,255,0,252,255,0,0,0,0,0,0,0,252,255,0,252,255,0,252,255,0,252,255,0,252,255,0,0,0,0,0,0,0,252,255,0,252,255,0,252,255,0,252,255,0,252,255,0,0,0,0,0,0,0,252,255,0,252,255,0,252,255,0,252,255,0,252,255,0,252,255,0,252,255,0,252,255,0,252,255,0,252,255,0,252,255,0,252,255,0,252,255,0,252,255,0,252,255,0,252,255,0,252,255,0,252,255,0,252,255,0,252,255,0,252,255,0,252,255,0,252,255,0,252,255,0,252,255,0,252,255,0,252,255,0,252,255,0,252,255,0,252,255,0,252,255,0,252,255,0,252,255,0,252,255,0,252,255,0,252,255,0,252,255,0,252,255,0,252,255,0
255,145,0,255,145,0,255,145,0,255,145,0,0,0,0,255,145,0,255,145,0,255,145,0,0,0,0,0,0,0,255,145,0,255,145,0,255,145,0,255,145,0,255,145,0,255,145,0,255,145,0,255,145,0,255,145,0,255,145,0,0,0,0,0,0,0,255,145,0,255,145,0,255,145,0,0,0,0,255,145,0,255,145,0,255,145,0,255,145,0,255,145,0,255,145,0,255,145,0,255,145,0,255,145,0,255,145,0,255,145,0,255,145,0,255,145,0,255,145,0,255,145,0,255,145,0,255,145,0,255,145,0,255,145,0,255,145,0,255,145,0,255,145,0,255,145,0,255,145,0,255,145,0,255,145,0,255,145,0,255,145,0,255,145,0,255,145,0,255,145,0,255,145,0,255,145,0,255,145,0,255,145,0,255,145,0
255,75,0,255,75,0,255,75,0,255,75,0,255,75,0,255,75,0,255,75,0,255,75,0,0,0,0,0,0,0,255,75,0,255,75,0,255,75,0,255,75,0,255,75,0,255,75,0,255,75,0,255,75,0,255,75,0,255,75,0,0,0,0,0,0,0,255,75,0,255,75,0,255,75,0,255,75,0,255,75,0,255,75,0,255,75,0,255,75,0,255,75,0,255,75,0,255,75,0,255,75,0,255,75,0,255,75,0,255,75,0,255,75,0,255,75,0,255,75,0,255,75,0,255,75,0,255,75,0,255,75,0,255,75,0,255,75,0,255,75,0,255,75,0,255,75,0,255,75,0,255,75,0,255,75,0,255,75,0,255,75,0,255,75,0,255,75,0,255,75,0,255,75,0,255,75,0,255,75,0,255,75,0,255,75,0
255,48,0,255,48,0,255,48,0,255,48,0,255,48,0,255,48,0,255,48,0,255,48,0,0,0,0,0,0,0,255,48,0,255,48,0,255,48,0,255,48,0,255,48,0,255,48,0,255,48,0,255,48,0,255,48,0,255,48,0,0,0,0,0,0,0,255,48,0,255,48,0,255,48,0,255,48,0,255,48,0,255,48,0,255,48,0,255,48,0,255,48,0,255,48,0,255,48,0,255,48,0,255,48,0,255,48,0,255,48,0,255,48,0,255,48,0,255,48,0,255,48,0,255,48,0,255,48,0,255,48,0,255,48,0,255,48,0,255,48,0,255,48,0,255,48,0,255,48,0,255,48,0,255,48,0,255,48,0,255,48,0,255,48,0,255,48,0,255,48,0,255,48,0,255,48,0,255,48,0,255,48,0,255,48,0
255,14,0,255,14,0,255,14,0,255,14,0,255,14,0,0,0,0,255,14,0,255,14,0,255,14,0,0,0,0,0,0,0,255,14,0,255,14,0,255,14,0,255,14,0,255,14,0,255,14,0,255,14,0,255,14,0,0,0,0,0,0,0,255,14,0,255,14,0,255,14,0,0,0,0,255,14,0,255,14,0,255,14,0,255,14,0,255,14,0,255,14,0,255,14,0,255,14,0,255,14,0,255,14,0,255,14,0,255,14,0,255,14,0,255,14,0,255,14,0,255,14,0,255,14,0,255,14,0,255,14,0,255,14,0,255,14,0,255,14,0,255,14,0,255,14,0,255,14,0,255,14,0,255,14,0,255,14,0,255,14,0,255,14,0,255,14,0,255,14,0,255,14,0,255,14,0,255,14,0,255,14,0,255,14,0
0,0,0,255,1,0,255,1,0,255,1,0,255,1,0,255,1,0,255,1,0,255,1,0,255,1,0,0,0,0,0,0,0,255,1,0,255,1,0,255,1,0,255,1,0,255,1,0,255,1,0,255,1,0,255,1,0,0,0,0,0,0,0,255,1,0,255,1,0,255,1,0,255,1,0,255,1,0,255,1,0,255,1,0,255,1,0,0,0,0,255,1,0,255,1,0,255,1,0,255,1,0,255,1,0,255,1,0,255,1,0,255,1,0,255,1,0,255,1,0,255,1,0,255,1,0,255,1,0,255,1,0,255,1,0,255,1,0,255,1,0,255,1,0,255,1,0,255,1,0,255,1,0,255,1,0,255,1,0,255,1,0,255,1,0,255,1,0,255,1,0,255,1,0,255,1,0,255,1,0,255,1,0,255,1,0
0,0,0,255,0,9,255,0,9,255,0,9,255,0,9,255,0,9,0,0,0,255,0,9,255,0,9,255,0,9,0,0,0,66,0,2,255,0,9,255,0,9,255,0,9,255,0,9,255,0,9,255,0,9,66,0,2,0,0,0,255,0,9,255,0,9,255,0,9,0,0,0,255,0,9,255,0,9,255,0,9,255,0,9,255,0,9,0,0,0,255,0,9,255,0,9,255,0,9,255,0,9,255,0,9,255,0,9,255,0,9,255,0,9,0,0,0,0,0,0,0,0,0,0,0,0,0,0,0,0,0,0,0,0,0,0,0,0,0,0,0,0,0,0,0,0,0,0,0,0,0,0,0,0,0,0,0,0,0,0,0,0,255,0,9,255,0,9,255,0,9,255,0,9,255,0,9,255,0,9,255,0,9,255,0,9
0,0,0,0,0,0,255,0,37,255,0,37,255,0,37,255,0,37,255,0,37,255,0,37,255,0,37,255,0,37,0,0,0,0,0,0,255,0,37,255,0,37,255,0,37,255,0,37,255,0,37,255,0,37,0,0,0,0,0,0,255,0,37,255,0,37,255,0,37,255,0,37,255,0,37,255,0,37,255,0,37,255,0,37,0,0,0,0,0,0,255,0,37,255,0,37,255,0,37,255,0,37,255,0,37,255,0,37,255,0,37,255,0,37,0,0,0,0,0,0,0,0,0,0,0,0,0,0,0,0,0,0,0,0,0,0,0,0,0,0,0,0,0,0,0,0,0,0,0,0,0,0,0,0,0,0,0,0,0,0,0,0,255,0,37,255,0,37,255,0,37,255,0,37,255,0,37,255,0,37,255,0,37,255,0,37
0,0,0,0,0,0,255,0,89,255,0,89,255,0,89,255,0,89,255,0,89,0,0,0,255,0,89,255,0,89,255,0,89,0,0,0,255,0,89,255,0,89,255,0,89,255,0,89,255,0,89,255,0,89,0,0,0,255,0,89,255,0,89,255,0,89,0,0,0,255,0,89,255,0,89,255,0,89,255,0,89,255,0,89,0,0,0,0,0,0,255,0,89,255,0,89,255,0,89,255,0,89,255,0,89,255,0,89,255,0,89,255,0,89,0,0,0,0,0,0,0,0,0,0,0,0,0,0,0,0,0,0,0,0,0,0,0,0,0,0,0,0,0,0,0,0,0,0,0,0,0,0,0,0,0,0,0,0,0,0,0,0,255,0,89,255,0,89,255,0,89,255,0,89,255,0,89,255,0,89,255,0,89,255,0,89
0,0,0,0,0,0,255,0,170,255,0,170,255,0,170,255,0,170,255,0,170,255,0,170,255,0,170,255,0,170,255,0,170,0,0,0,0,0,0,255,0,170,255,0,170,255,0,170,255,0,170,0,0,0,0,0,0,255,0,170,255,0,170,255,0,170,255,0,170,255,0,170,255,0,170,255,0,170,255,0,170,255,0,170,0,0,0,0,0,0,255,0,170,255,0,170,255,0,170,255,0,170,255,0,170,255,0,170,255,0,170,255,0,170,0,0,0,0,0,0,0,0,0,0,0,0,0,0,0,0,0,0,0,0,0,0,0,0,0,0,0,0,0,0,0,0,0,0,0,0,0,0,0,0,0,0,0,0,0,0,0,0,255,0,170,255,0,170,255,0,170,255,0,170,255,0,170,255,0,170,255,0,170,255,0,170
0,0,0,0,0,0,0,0,0,233,0,255,233,0,255,233,0,255,233,0,255,233,0,255,233,0,255,233,0,255,233,0,255,0,0,0,0,0,0,233,0,255,233,0,255,233,0,255,233,0,255,0,0,0,0,0,0,233,0,255,233,0,255,233,0,255,233,0,255,233,0,255,233,0,255,233,0,255,233,0,255,0,0,0,0,0,0,0,0,0,233,0,255,233,0,255,233,0,255,233,0,255,233,0,255,233,0,255,233,0,255,233,0,255,233,0,255,233,0,255,233,0,255,233,0,255,233,0,255,233,0,255,233,0,255,233,0,255,233,0,255,233,0,255,233,0,255,233,0,255,233,0,255,233,0,255,233,0,255,233,0,255,233,0,255,233,0,255,233,0,255,233,0,255,233,0,255,233,0,255,233,0,255,233,0,255
0,0,0,0,0,0,0,0,0,178,0,255,178,0,255,178,0,255,178,0,255,178,0,255,0,0,0,178,0,255,178,0,255,178,0,255,0,0,0,178,0,255,178,0,255,178,0,255,178,0,255,0,0,0,178,0,255,178,0,255,178,0,255,0,0,0,178,0,255,178,0,255,178,0,255,178,0,255,178,0,255,0,0,0,0,0,0,0,0,0,178,0,255,178,0,255,178,0,255,178,0,255,178,0,255,178,0,255,178,0,255,178,0,255,178,0,255,178,0,255,178,0,255,178,0,255,178,0,255,178,0,255,178,0,255,178,0,255,178,0,255,178,0,255,178,0,255,178,0,255,178,0,255,178,0,255,178,0,255,178,0,255,178,0,255,178,0,255,178,0,255,178,0,255,178,0,255,178,0,255,178,0,255,178,0,255
0,0,0,0,0,0,0,0,0,93,0,255,93,0,255,93,0,255,93,0,255,93,0,255,93,0,255,93,0,255,93,0,255,93,0,255,0,0,0,0,0,0,93,0,255,93,0,255,0,0,0,0,0,0,93,0,255,93,0,255,93,0,255,93,0,255,93,0,255,93,0,255,93,0,255,93,0,255,93,0,255,0,0,0,0,0,0,0,0,0,93,0,255,93,0,255,93,0,255,93,0,255,93,0,255,93,0,255,93,0,255,93,0,255,93,0,255,93,0,255,93,0,255,93,0,255,93,0,255,93,0,255,93,0,255,93,0,255,93,0,255,93,0,255,93,0,255,93,0,255,93,0,255,93,0,255,93,0,255,93,0,255,93,0,255,93,0,255,93,0,255,93,0,255,93,0,255,93,0,255,93,0,255,93,0,255
0,0,0,0,0,0,0,0,0,0,0,0,37,0,255,37,0,255,37,0,255,37,0,255,37,0,255,30,0,205,37,0,255,37,0,255,0,0,0,0,0,0,37,0,255,37,0,255,0,0,0,0,0,0,37,0,255,37,0,255,30,0,205,37,0,255,37,0,255,37,0,255,37,0,255,37,0,255,0,0,0,0,0,0,0,0,0,0,0,0,0,0,0,0,0,0,0,0,0,0,0,0,0,0,0,0,0,0,0,0,0,0,0,0,37,0,255,37,0,255,37,0,255,37,0,255,37,0,255,37,0,255,37,0,255,37,0,255,37,0,255,37,0,255,37,0,255,37,0,255,37,0,255,37,0,255,37,0,255,37,0,255,0,0,0,0,0,0,0,0,0,0,0,0,0,0,0,0,0,0,0,0,0,0,0,0
0,0,0,0,0,0,0,0,0,0,0,0,8,0,255,8,0,255,8,0,255,8,0,255,8,0,255,0,0,0,8,0,255,8,0,255,8,0,255,0,0,0,0,0,0,0,0,0,0,0,0,8,0,255,8,0,255,8,0,255,0,0,0,8,0,255,8,0,255,8,0,255,8,0,255,8,0,255,0,0,0,0,0,0,0,0,0,0,0,0,0,0,0,0,0,0,0,0,0,0,0,0,0,0,0,0,0,0,0,0,0,0,0,0,8,0,255,8,0,255,8,0,255,8,0,255,8,0,255,8,0,255,8,0,255,8,0,255,8,0,255,8,0,255,8,0,255,8,0,255,8,0,255,8,0,255,8,0,255,8,0,255,0,0,0,0,0,0,0,0,0,0,0,0,0,0,0,0,0,0,0,0,0,0,0,0
0,0,0,0,0,0,0,0,0,0,0,0,0,0,0,37,0,255,37,0,255,37,0,255,37,0,255,37,0,255,57,0,255,37,0,255,37,0,255,0,0,0,0,0,0,0,0,0,0,0,0,37,0,255,37,0,255,57,0,255,37,0,255,37,0,255,37,0,255,37,0,255,37,0,255,0,0,0,0,0,0,0,0,0,0,0,0,0,0,0,0,0,0,0,0,0,0,0,0,0,0,0,0,0,0,0,0,0,0,0,0,0,0,0,37,0,255,37,0,255,37,0,255,37,0,255,37,0,255,37,0,255,37,0,255,37,0,255,37,0,255,37,0,255,37,0,255,37,0,255,37,0,255,37,0,255,37,0,255,37,0,255,0,0,0,0,0,0,0,0,0,0,0,0,0,0,0,0,0,0,0,0,0,0,0,0
0,0,0,0,0,0,0,0,0,0,0,0,0,0,0,88,0,255,88,0,255,88,0,255,88,0,255,88,0,255,0,0,0,88,0,255,88,0,255,88,0,255,0,0,0,0,0,0,88,0,255,88,0,255,88,0,255,0,0,0,88,0,255,88,0,255,88,0,255,88,0,255,88,0,255,0,0,0,0,0,0,0,0,0,0,0,0,0,0,0,0,0,0,0,0,0,0,0,0,0,0,0,0,0,0,0,0,0,0,0,0,0,0,0,88,0,255,88,0,255,88,0,255,88,0,255,88,0,255,88,0,255,88,0,255,88,0,255,88,0,255,88,0,255,88,0,255,88,0,255,88,0,255,88,0,255,88,0,255,88,0,255,0,0,0,0,0,0,0,0,0,0,0,0,0,0,0,0,0,0,0,0,0,0,0,0
0,0,0,0,0,0,0,0,0,0,0,0,0,0,0,0,0,0,166,0,255,166,0,255,166,0,255,166,0,255,166,0,255,166,0,255,166,0,255,166,0,255,0,0,0,0,0,0,166,0,255,166,0,255,166,0,255,166,0,255,166,0,255,166,0,255,166,0,255,166,0,255,0,0,0,0,0,0,0,0,0,0,0,0,0,0,0,0,0,0,0,0,0,0,0,0,0,0,0,0,0,0,0,0,0,0,0,0,0,0,0,0,0,0,166,0,255,166,0,255,166,0,255,166,0,255,166,0,255,166,0,255,166,0,255,166,0,255,166,0,255,166,0,255,166,0,255,166,0,255,166,0,255,166,0,255,166,0,255,166,0,255,0,0,0,0,0,0,0,0,0,0,0,0,0,0,0,0,0,0,0,0,0,0,0,0
0,0,0,0,0,0,0,0,0,0,0,0,0,0,0,0,0,0,255,0,245,255,0,245,255,0,245,255,0,245,255,0,245,0,0,0,255,0,245,255,0,245,255,0,245,255,0,245,255,0,245,255,0,245,0,0,0,255,0,245,255,0,245,255,0,245,255,0,245,255,0,245,0,0,0,0,0,0,0,0,0,0,0,0,0,0,0,0,0,0,0,0,0,0,0,0,0,0,0,0,0,0,0,0,0,0,0,0,0,0,0,0,0,0,0,0,0,0,0,0,0,0,0,0,0,0,0,0,0,0,0,0,0,0,0,0,0,0,0,0,0,0,0,0,0,0,0,0,0,0,0,0,0,0,0,0,0,0,0,0,0,0,0,0,0,0,0,0,0,0,0,0,0,0,0,0,0,0,0,0,0,0,0,0,0,0
0,0,0,0,0,0,0,0,0,0,0,0,0,0,0,0,0,0,255,0,144,255,0,144,255,0,144,255,0,144,255,0,144,255,0,144,255,0,144,255,0,144,255,0,144,255,0,144,255,0,144,255,0,144,255,0,144,255,0,144,255,0,144,255,0,144,255,0,144,255,0,144,0,0,0,0,0,0,0,0,0,0,0,0,0,0,0,0,0,0,0,0,0,0,0,0,0,0,0,0,0,0,0,0,0,0,0,0,0,0,0,0,0,0,255,0,144,255,0,144,255,0,144,255,0,144,255,0,144,255,0,144,255,0,144,255,0,144,255,0,144,255,0,144,255,0,144,255,0,144,255,0,144,255,0,144,255,0,144,255,0,144,0,0,0,0,0,0,0,0,0,0,0,0,0,0,0,0,0,0,0,0,0,0,0,0
0,0,0,0,0,0,0,0,0,0,0,0,0,0,0,0,0,0,0,0,0,255,0,75,255,0,75,255,0,75,255,0,75,255,0,75,255,0,75,255,0,75,255,0,75,255,0,75,255,0,75,255,0,75,255,0,75,255,0,75,255,0,75,255,0,75,255,0,75,0,0,0,0,0,0,0,0,0,0,0,0,0,0,0,0,0,0,0,0,0,0,0,0,0,0,0,0,0,0,0,0,0,0,0,0,0,0,0,0,0,0,0,0,0,255,0,75,255,0,75,255,0,75,255,0,75,255,0,75,255,0,75,255,0,75,255,0,75,255,0,75,255,0,75,255,0,75,255,0,75,255,0,75,255,0,75,255,0,75,255,0,75,0,0,0,0,0,0,0,0,0,0,0,0,0,0,0,0,0,0,0,0,0,0,0,0
0,0,0,0,0,0,0,0,0,0,0,0,0,0,0,0,0,0,0,0,0,255,0,31,255,0,31,255,0,31,255,0,31,255,0,31,0,0,0,255,0,31,255,0,31,255,0,31,255,0,31,0,0,0,255,0,31,255,0,31,255,0,31,255,0,31,255,0,31,0,0,0,0,0,0,0,0,0,0,0,0,0,0,0,0,0,0,0,0,0,0,0,0,0,0,0,0,0,0,0,0,0,0,0,0,0,0,0,0,0,0,0,0,0,255,0,31,255,0,31,255,0,31,255,0,31,255,0,31,255,0,31,255,0,31,255,0,31,255,0,31,255,0,31,255,0,31,255,0,31,255,0,31,255,0,31,255,0,31,255,0,31,0,0,0,0,0,0,0,0,0,0,0,0,0,0,0,0,0,0,0,0,0,0,0,0
0,0,0,0,0,0,0,0,0,0,0,0,0,0,0,0,0,0,0,0,0,255,0,17,255,0,17,255,0,17,255,0,17,255,0,17,255,0,17,255,0,17,255,0,17,255,0,17,255,0,17,255,0,17,255,0,17,255,0,17,255,0,17,255,0,17,255,0,17,0,0,0,0,0,0,0,0,0,0,0,0,0,0,0,0,0,0,0,0,0,0,0,0,0,0,0,0,0,0,0,0,0,0,0,0,0,0,0,0,0,0,0,0,0,255,0,17,255,0,17,255,0,17,255,0,17,255,0,17,255,0,17,255,0,17,255,0,17,255,0,17,255,0,17,255,0,17,255,0,17,255,0,17,255,0,17,255,0,17,255,0,17,0,0,0,0,0,0,0,0,0,0,0,0,0,0,0,0,0,0,0,0,0,0,0,0
255,0,0,0,0,0,0,0,0,0,0,0,0,0,0,0,0,0,0,0,0,0,0,0,255,0,0,255,0,0,255,0,0,255,0,0,255,0,0,0,0,0,255,0,0,255,0,0,0,0,0,255,0,0,255,0,0,255,0,0,255,0,0,255,0,0,0,0,0,0,0,0,0,0,0,0,0,0,0,0,0,0,0,0,0,0,0,255,0,0,0,0,0,0,0,0,0,0,0,0,0,0,0,0,0,0,0,0,0,0,0,0,0,0,255,0,0,255,0,0,255,0,0,255,0,0,255,0,0,255,0,0,255,0,0,255,0,0,255,0,0,255,0,0,255,0,0,255,0,0,255,0,0,255,0,0,255,0,0,255,0,0,0,0,0,0,0,0,0,0,0,0,0,0,0,0,0,0,0,0,0,0,0,0,0,0
255,9,0,0,0,0,0,0,0,0,0,0,0,0,0,0,0,0,0,0,0,0,0,0,3,0,0,255,9,0,255,9,0,255,9,0,255,9,0,255,9,0,255,9,0,255,9,0,255,9,0,255,9,0,255,9,0,255,9,0,255,9,0,2,0,0,0,0,0,0,0,0,0,0,0,0,0,0,0,0,0,0,0,0,0,0,0,255,9,0,0,0,0,0,0,0,0,0,0,0,0,0,0,0,0,0,0,0,0,0,0,0,0,0,255,9,0,255,9,0,255,9,0,255,9,0,255,9,0,255,9,0,255,9,0,255,9,0,255,9,0,255,9,0,255,9,0,255,9,0,255,9,0,255,9,0,255,9,0,255,9,0,0,0,0,0,0,0,0,0,0,0,0,0,0,0,0,0,0,0,0,0,0,0,0,0
255,37,0,255,37,0,0,0,0,0,0,0,0,0,0,0,0,0,0,0,0,0,0,0,0,0,0,255,37,0,255,37,0,255,37,0,255,37,0,255,37,0,0,0,0,0,0,0,255,37,0,255,37,0,255,37,0,255,37,0,255,37,0,0,0,0,0,0,0,0,0,0,0,0,0,0,0,0,0,0,0,0,0,0,255,37,0,255,37,0,0,0,0,0,0,0,0,0,0,0,0,0,0,0,0,0,0,0,0,0,0,0,0,0,255,37,0,255,37,0,255,37,0,255,37,0,255,37,0,255,37,0,255,37,0,255,37,0,255,37,0,255,37,0,255,37,0,255,37,0,255,37,0,255,37,0,255,37,0,255,37,0,0,0,0,0,0,0,0,0,0,0,0,0,0,0,0,0,0,0,0,0,0,0,0,0
255,83,0,255,83,0,0,0,0,0,0,0,0,0,0,0,0,0,0,0,0,0,0,0,0,0,0,255,83,0,255,83,0,255,83,0,255,83,0,255,83,0,255,83,0,255,83,0,255,83,0,255,83,0,255,83,0,255,83,0,255,83,0,0,0,0,0,0,0,0,0,0,0,0,0,0,0,0,0,0,0,0,0,0,255,83,0,255,83,0,0,0,0,0,0,0,0,0,0,0,0,0,0,0,0,0,0,0,0,0,0,0,0,0,255,83,0,255,83,0,255,83,0,255,83,0,255,83,0,255,83,0,255,83,0,255,83,0,255,83,0,255,83,0,255,83,0,255,83,0,255,83,0,255,83,0,255,83,0,255,83,0,0,0,0,0,0,0,0,0,0,0,0,0,0,0,0,0,0,0,0,0,0,0,0,0
255,172,0,255,172,0,255,172,0,0,0,0,0,0,0,0,0,0,0,0,0,0,0,0,0,0,0,0,0,0,255,172,0,255,172,0,255,172,0,255,172,0,255,172,0,255,172,0,255,172,0,255,172,0,255,172,0,255,172,0,0,0,0,0,0,0,0,0,0,0,0,0,0,0,0,0,0,0,0,0,0,255,172,0,255,172,0,255,172,0,0,0,0,0,0,0,0,0,0,0,0,0,0,0,0,0,0,0,0,0,0,0,0,0,255,172,0,255,172,0,255,172,0,255,172,0,255,172,0,255,172,0,255,172,0,255,172,0,255,172,0,255,172,0,255,172,0,255,172,0,255,172,0,255,172,0,255,172,0,255,172,0,0,0,0,0,0,0,0,0,0,0,0,0,0,0,0,0,0,0,0,0,0,0,0,0
235,255,0,235,255,0,235,255,0,0,0,0,0,0,0,0,0,0,0,0,0,0,0,0,0,0,0,0,0,0,235,255,0,235,255,0,235,255,0,235,255,0,235,255,0,235,255,0,235,255,0,235,255,0,235,255,0,235,255,0,0,0,0,0,0,0,0,0,0,0,0,0,0,0,0,0,0,0,0,0,0,235,255,0,235,255,0,235,255,0,0,0,0,0,0,0,0,0,0,0,0,0,0,0,0,0,0,0,0,0,0,0,0,0,235,255,0,235,255,0,235,255,0,235,255,0,235,255,0,235,255,0,235,255,0,235,255,0,235,255,0,235,255,0,235,255,0,235,255,0,235,255,0,235,255,0,235,255,0,235,255,0,0,0,0,0,0,0,0,0,0,0,0,0,0,0,0,0,0,0,0,0,0,0,0,0
182,255,0,182,255,0,182,255,0,0,0,0,0,0,0,0,0,0,0,0,0,0,0,0,0,0,0,0,0,0,182,255,0,182,255,0,182,255,0,182,255,0,182,255,0,182,255,0,182,255,0,182,255,0,182,255,0,182,255,0,0,0,0,0,0,0,0,0,0,0,0,0,0,0,0,0,0,0,0,0,0,182,255,0,182,255,0,182,255,0,0,0,0,0,0,0,0,0,0,0,0,0,0,0,0,0,0,0,0,0,0,0,0,0,182,255,0,182,255,0,182,255,0,182,255,0,182,255,0,182,255,0,182,255,0,182,255,0,182,255,0,182,255,0,182,255,0,182,255,0,182,255,0,182,255,0,182,255,0,182,255,0,0,0,0,0,0,0,0,0,0,0,0,0,0,0,0,0,0,0,0,0,0,0,0,0
96,255,0,96,255,0,96,255,0,96,255,0,0,0,0,0,0,0,0,0,0,0,0,0,0,0,0,0,0,0,0,0,0,96,255,0,96,255,0,96,255,0,96,255,0,96,255,0,96,255,0,96,255,0,96,255,0,0,0,0,0,0,0,0,0,0,0,0,0,0,0,0,0,0,0,0,0,0,96,255,0,96,255,0,96,255,0,96,255,0,0,0,0,0,0,0,0,0,0,0,0,0,0,0,0,0,0,0,0,0,0,0,0,0,96,255,0,96,255,0,96,255,0,96,255,0,96,255,0,96,255,0,96,255,0,96,255,0,96,255,0,96,255,0,96,255,0,96,255,0,96,255,0,96,255,0,96,255,0,96,255,0,0,0,0,0,0,0,0,0,0,0,0,0,0,0,0,0,0,0,0,0,0,0,0,0
45,255,0,45,255,0,45,255,0,45,255,0,0,0,0,0,0,0,0,0,0,0,0,0,0,0,0,0,0,0,0,0,0,45,255,0,45,255,0,45,255,0,45,255,0,45,255,0,45,255,0,45,255,0,45,255,0,0,0,0,0,0,0,0,0,0,0,0,0,0,0,0,0,0,0,0,0,0,45,255,0,45,255,0,45,255,0,45,255,0,45,255,0,45,255,0,45,255,0,45,255,0,45,255,0,45,255,0,45,255,0,45,255,0,1,8,0,1,8,0,1,8,0,1,8,0,1,8,0,1,8,0,1,7,0,1,7,0,1,7,0,1,7,0,1,8,0,1,8,0,1,8,0,1,8,0,1,8,0,1,8,0,45,255,0,45,255,0,45,255,0,45,255,0,45,255,0,45,255,0,45,255,0,45,255,0
11,255,0,11,255,0,11,255,0,11,255,0,0,0,0,0,0,0,0,0,0,0,0,0,0,0,0,0,0,0,0,0,0,0,0,0,11,255,0,11,255,0,11,255,0,11,255,0,11,255,0,11,255,0,0,0,0,0,0,0,0,0,0,0,0,0,0,0,0,0,0,0,0,0,0,0,0,0,11,255,0,11,255,0,11,255,0,11,255,0,11,255,0,11,255,0,11,255,0,11,255,0,11,255,0,11,255,0,11,255,0,11,255,0,0,0,0,0,0,0,0,0,0,0,0,0,0,0,0,0,0,0,0,0,0,0,0,0,0,0,0,0,0,0,0,0,0,0,0,0,0,0,0,0,0,0,0,0,0,0,0,0,11,255,0,11,255,0,11,255,0,11,255,0,11,255,0,11,255,0,11,255,0,11,255,0
1,255,0,1,255,0,1,255,0,1,255,0,1,255,0,0,0,0,0,0,0,0,0,0,0,0,0,0,0,0,0,0,0,0,0,0,1,255,0,1,255,0,1,255,0,1,255,0,1,255,0,1,255,0,0,0,0,0,0,0,0,0,0,0,0,0,0,0,0,0,0,0,0,0,0,1,255,0,1,255,0,1,255,0,1,255,0,1,255,0,1,255,0,1,255,0,1,255,0,1,255,0,1,255,0,1,255,0,1,255,0,1,255,0,0,0,0,0,0,0,0,0,0,0,0,0,0,0,0,0,0,0,0,0,0,0,0,0,0,0,0,0,0,0,0,0,0,0,0,0,0,0,0,0,0,0,0,0,0,0,0,0,1,255,0,1,255,0,1,255,0,1,255,0,1,255,0,1,255,0,1,255,0,1,255,0
0,255,2,0,255,2,0,255,2,0,255,2,0,255,2,0,0,0,0,0,0,0,0,0,0,0,0,0,0,0,0,0,0,0,0,0,0,255,2,0,255,2,0,255,2,0,255,2,0,255,2,0,255,2,0,0,0,0,0,0,0,0,0,0,0,0,0,0,0,0,0,0,0,0,0,0,255,2,0,255,2,0,255,2,0,255,2,0,255,2,0,255,2,0,255,2,0,255,2,0,255,2,0,255,2,0,255,2,0,255,2,0,255,2,0,0,0,0,0,0,0,0,0,0,0,0,0,0,0,0,0,0,0,0,0,0,0,0,0,0,0,0,0,0,0,0,0,0,0,0,0,0,0,0,0,0,0,0,0,0,0,0,0,255,2,0,255,2,0,255,2,0,255,2,0,255,2,0,255,2,0,255,2,0,255,2
0,29,2,0,255,19,0,255,19,0,255,19,0,255,19,0,158,12,0,0,0,0,0,0,0,0,0,0,0,0,0,0,0,0,0,0,0,0,0,0,255,19,0,255,19,0,255,19,0,255,19,0,0,0,0,0,0,0,0,0,0,0,0,0,0,0,0,0,0,0,0,0,0,158,12,0,255,19,0,255,19,0,255,19,0,255,19,0,29,2,0,255,19,0,255,19,0,255,19,0,255,19,0,255,19,0,255,19,0,255,19,0,255,19,0,0,0,0,0,0,0,0,0,0,0,0,0,0,0,0,0,0,0,0,0,0,0,0,0,0,0,0,0,0,0,0,0,0,0,0,0,0,0,0,0,0,0,0,0,0,0,0,0,255,19,0,255,19,0,255,19,0,255,19,0,255,19,0,255,19,0,255,19,0,255,19
0,0,0,0,255,53,0,255,53,0,255,53,0,255,53,0,255,53,0,0,0,0,0,0,0,0,0,0,0,0,0,0,0,0,0,0,0,0,0,0,255,53,0,255,53,0,255,53,0,255,53,0,0,0,0,0,0,0,0,0,0,0,0,0,0,0,0,0,0,0,0,0,0,255,53,0,255,53,0,255,53,0,255,53,0,255,53,0,0,0,0,255,53,0,255,53,0,255,53,0,255,53,0,255,53,0,255,53,0,255,53,0,255,53,0,0,0,0,0,0,0,0,0,0,0,0,0,0,0,0,0,0,0,0,0,0,0,0,0,0,0,0,0,0,0,0,0,0,0,0,0,0,0,0,0,0,0,0,0,0,0,0,0,255,53,0,255,53,0,255,53,0,255,53,0,255,53,0,255,53,0,255,53,0,255,53
0,0,0,0,255,84,0,255,84,0,255,84,0,255,84,0,255,84,0,0,0,0,0,0,0,0,0,0,0,0,0,0,0,0,0,0,0,0,0,0,255,84,0,255,84,0,255,84,0,255,84,0,0,0,0,0,0,0,0,0,0,0,0,0,0,0,0,0,0,0,0,0,0,255,84,0,255,84,0,255,84,0,255,84,0,255,84,0,0,0,0,255,84,0,255,84,0,255,84,0,255,84,0,255,84,0,255,84,0,255,84,0,255,84,0,0,0,0,0,0,0,0,0,0,0,0,0,0,0,0,0,0,0,0,0,0,0,0,0,0,0,0,0,0,0,0,0,0,0,0,0,0,0,0,0,0,0,0,0,0,0,0,0,255,84,0,255,84,0,255,84,0,255,84,0,255,84,0,255,84,0,255,84,0,255,84
0,0,0,0,0,0,0,255,228,0,255,228,0,255,228,0,255,228,0,255,228,0,0,0,0,0,0,0,0,0,0,0,0,0,0,0,0,0,0,0,0,0,0,255,228,0,255,228,0,0,0,0,0,0,0,0,0,0,0,0,0,0,0,0,0,0,0,0,0,0,255,228,0,255,228,0,255,228,0,255,228,0,255,228,0,0,0,0,0,0,0,255,228,0,255,228,0,255,228,0,255,228,0,255,228,0,255,228,0,255,228,0,255,228,0,0,0,0,0,0,0,0,0,0,0,0,0,0,0,0,0,0,0,0,0,0,0,0,0,0,0,0,0,0,0,0,0,0,0,0,0,0,0,0,0,0,0,0,0,0,0,0,0,255,228,0,255,228,0,255,228,0,255,228,0,255,228,0,255,228,0,255,228,0,255,228
0,0,0,0,0,0,0,174,255,0,174,255,0,174,255,0,174,255,0,174,255,0,0,0,0,0,0,0,0,0,0,0,0,0,0,0,0,0,0,0,0,0,0,174,255,0,174,255,0,0,0,0,0,0,0,0,0,0,0,0,0,0,0,0,0,0,0,0,0,0,174,255,0,174,255,0,174,255,0,174,255,0,174,255,0,0,0,0,0,0,0,174,255,0,174,255,0,174,255,0,174,255,0,174,255,0,174,255,0,174,255,0,174,255,0,0,0,0,0,0,0,0,0,0,0,0,0,0,0,0,0,0,0,0,0,0,0,0,0,0,0,0,0,0,0,0,0,0,0,0,0,0,0,0,0,0,0,0,0,0,0,0,0,174,255,0,174,255,0,174,255,0,174,255,0,174,255,0,174,255,0,174,255,0,174,255
0,91,255,0,0,0,0,0,0,0,91,255,0,91,255,0,91,255,0,91,255,0,91,255,0,0,0,0,0,0,0,0,0,0,0,0,0,0,0,0,0,0,0,0,0,0,0,0,0,0,0,0,0,0,0,0,0,0,0,0,0,0,0,0,0,0,0,91,255,0,91,255,0,91,255,0,91,255,0,91,255,0,0,0,0,0,0,0,91,255,0,91,255,0,91,255,0,91,255,0,91,255,0,91,255,0,91,255,0,91,255,0,91,255,0,0,0,0,0,0,0,0,0,0,0,0,0,0,0,0,0,0,0,0,0,0,0,0,0,0,0,0,0,0,0,0,0,0,0,0,0,0,0,0,0,0,0,0,0,0,0,0,0,91,255,0,91,255,0,91,255,0,91,255,0,91,255,0,91,255,0,91,255,0,91,255
0,41,255,0,0,0,0,0,0,0,41,255,0,41,255,0,41,255,0,41,255,0,41,255,0,0,0,0,0,0,0,0,0,0,0,0,0,0,0,0,0,0,0,0,0,0,0,0,0,0,0,0,0,0,0,0,0,0,0,0,0,0,0,0,0,0,0,41,255,0,41,255,0,41,255,0,41,255,0,41,255,0,0,0,0,0,0,0,41,255,0,41,255,0,41,255,0,41,255,0,41,255,0,41,255,0,41,255,0,41,255,0,41,255,0,0,0,0,0,0,0,0,0,0,0,0,0,0,0,0,0,0,0,0,0,0,0,0,0,0,0,0,0,0,0,0,0,0,0,0,0,0,0,0,0,0,0,0,0,0,0,0,0,41,255,0,41,255,0,41,255,0,41,255,0,41,255,0,41,255,0,41,255,0,41,255
0,11,255,0,11,255,0,0,0,0,9,207,0,11,255,0,11,255,0,11,255,0,11,255,0,0,0,0,0,0,0,0,0,0,0,0,0,0,0,0,0,0,0,0,0,0,0,0,0,0,0,0,0,0,0,0,0,0,0,0,0,0,0,0,0,0,0,11,255,0,11,255,0,11,255,0,11,255,0,9,207,0,0,0,0,11,255,0,11,255,0,11,255,0,11,255,0,11,255,0,11,255,0,11,255,0,11,255,0,11,255,0,11,255,0,0,0,0,0,0,0,0,0,0,0,0,0,0,0,0,0,0,0,0,0,0,0,0,0,0,0,0,0,0,0,0,0,0,0,0,0,0,0,0,0,0,0,0,0,0,0,0,0,11,255,0,11,255,0,11,255,0,11,255,0,11,255,0,11,255,0,11,255,0,11,255
0,0,255,0,0,255,0,0,0,0,0,0,0,0,255,0,0,255,0,0,255,0,0,255,0,0,255,0,0,0,0,0,0,0,0,0,0,0,0,0,0,0,0,0,0,0,0,0,0,0,0,0,0,0,0,0,0,0,0,0,0,0,0,0,0,255,0,0,255,0,0,255,0,0,255,0,0,255,0,0,0,0,0,0,0,0,255,0,0,255,0,0,0,0,0,0,0,0,0,0,0,0,0,0,0,0,0,0,0,0,0,0,0,0,0,0,0,0,0,0,0,0,0,0,0,0,0,0,0,0,0,0,0,0,0,0,0,0,0,0,0,0,0,0,0,0,0,0,0,0,0,0,0,0,0,0,0,0,0,0,0,0,0,0,0,0,0,0,0,0,0,0,0,0,0,0,0,0,0,0,0,0,0,0,0,0
2,0,255,2,0,255,0,0,0,0,0,0,2,0,255,2,0,255,2,0,255,2,0,255,2,0,255,0,0,0,0,0,0,0,0,0,0,0,0,0,0,0,0,0,0,0,0,0,0,0,0,0,0,0,0,0,0,0,0,0,0,0,0,2,0,255,2,0,255,2,0,255,2,0,255,2,0,255,0,0,0,0,0,0,2,0,255,2,0,255,0,0,0,0,0,0,0,0,0,0,0,0,0,0,0,0,0,0,0,0,0,0,0,0,0,0,0,0,0,0,0,0,0,0,0,0,0,0,0,0,0,0,0,0,0,0,0,0,0,0,0,0,0,0,0,0,0,0,0,0,0,0,0,0,0,0,0,0,0,0,0,0,0,0,0,0,0,0,0,0,0,0,0,0,0,0,0,0,0,0,0,0,0,0,0,0
