237,0,140,255,255,255,245,106,235,182,1,153,164,2,155,140,2,149,108,1,133,255,255,255,255,255,255,43,1,95,29,1,84,18,1,73,10,0,64,4,0,54,1,0,47,0,1,49,0,2,56,0,6,66,0,11,75,0,18,87,0,27,98,255,255,255,255,255,255,0,67,138,0,84,153,0,106,170,0,130,186,85,237,245,255,255,255,0,221,245,176,1,153,176,1,153,176,1,153,176,1,153,176,1,153,176,1,153,176,1,153,176,1,153,21,1,75,21,1,75,21,1,75,21,1,75,21,1,75,21,1,75,21,1,75,21,1,75,0,13,78,0,13,78,0,13,78,0,13,78,0,13,78,0,13,78,0,13,78,0,13,78,0,123,182,0,123,182,0,123,182,0,123,182,0,123,182,0,123,182,0,123,182,0,123,182
237,0,96,216,0,100,255,255,255,182,1,114,164,2,119,149,2,123,255,255,255,255,255,255,82,1,108,59,1,95,42,1,84,26,1,73,16,0,64,8,0,54,3,0,47,1,0,49,0,1,56,0,3,66,0,6,75,0,10,87,0,16,98,0,24,111,255,255,255,255,255,255,0,57,153,0,74,170,0,91,186,255,255,255,0,132,223,0,160,245,176,1,115,176,1,115,176,1,115,255,255,255,255,255,255,176,1,115,176,1,115,176,1,115,30,1,75,30,1,75,30,1,75,30,1,75,30,1,75,30,1,75,30,1,75,30,1,75,0,7,78,0,7,78,0,7,78,0,7,78,0,7,78,0,7,78,0,7,78,0,7,78,0,87,182,0,87,182,0,87,182,255,255,255,255,255,255,0,87,182,0,87,182,0,87,182
237,0,75,216,0,82,255,255,255,255,255,255,164,2,102,255,255,255,255,255,255,120,1,115,95,1,108,69,1,95,49,1,84,32,1,73,19,0,64,10,0,54,4,0,47,1,0,49,0,0,56,0,1,66,0,3,75,0,7,87,0,11,98,0,18,111,0,25,123,255,255,255,255,255,255,0,59,170,255,255,255,255,255,255,0,108,223,0,132,245,176,1,98,176,1,98,176,1,98,255,255,255,255,255,255,176,1,98,176,1,98,176,1,98,36,1,75,36,1,75,36,1,75,36,1,75,36,1,75,36,1,75,36,1,75,36,1,75,0,4,78,0,4,78,0,4,78,0,4,78,0,4,78,0,4,78,0,4,78,0,4,78,0,68,182,0,68,182,0,68,182,255,255,255,255,255,255,0,68,182,0,68,182,0,68,182
237,0,17,216,0,22,199,0,29,255,255,255,255,255,255,149,2,49,133,1,53,120,1,59,108,1,64,95,1,69,84,1,75,65,1,73,44,0,64,27,0,54,15,0,47,8,0,49,4,0,56,2,0,66,0,0,75,0,0,87,0,1,98,0,2,111,0,4,123,0,7,138,0,10,153,255,255,255,255,255,255,0,26,205,0,32,223,0,42,245,176,1,38,176,1,38,176,1,38,255,255,255,255,255,255,176,1,38,176,1,38,176,1,38,72,1,75,72,1,75,72,1,75,72,1,75,72,1,75,72,1,75,72,1,75,72,1,75,0,0,78,0,0,78,0,0,78,0,0,78,0,0,78,0,0,78,0,0,78,0,0,78,0,18,182,0,18,182,0,18,182,255,255,255,255,255,255,0,18,182,0,18,182,0,18,182
237,0,10,216,0,15,255,255,255,255,255,255,255,255,255,255,255,255,133,1,44,120,1,49,108,1,54,95,1,60,84,1,66,73,1,72,52,0,64,32,0,54,18,0,47,11,0,49,6,0,56,3,0,66,1,0,75,0,0,87,0,0,98,0,1,111,0,2,123,0,4,138,255,255,255,255,255,255,255,255,255,255,255,255,0,22,223,0,29,245,176,1,29,176,1,29,176,1,29,255,255,255,255,255,255,176,1,29,176,1,29,176,1,29,75,1,71,75,1,71,75,1,71,75,1,71,75,1,69,75,1,69,75,1,69,75,1,69,1,0,78,1,0,78,1,0,78,1,0,78,1,0,78,1,0,78,1,0,78,1,0,78,0,12,182,0,12,182,0,12,182,255,255,255,255,255,255,0,12,182,0,12,182,0,12,182
237,0,1,255,255,255,255,255,255,182,1,11,164,2,16,255,255,255,255,255,255,120,1,28,108,1,33,95,1,38,84,1,43,73,1,50,64,0,55,48,0,54,29,0,47,19,0,49,14,0,56,9,0,66,6,0,75,3,0,87,1,0,98,0,0,111,0,0,123,255,255,255,255,255,255,0,1,170,0,2,186,255,255,255,255,255,255,0,8,245,176,1,12,176,1,12,176,1,12,221,65,111,176,1,12,176,1,12,176,1,12,176,1,12,75,1,48,75,1,48,75,1,48,75,1,48,75,1,48,75,1,48,75,1,48,75,1,48,5,0,78,5,0,78,5,0,78,5,0,78,5,0,78,5,0,78,5,0,78,5,0,78,0,2,182,0,2,182,0,2,182,40,71,223,0,2,182,0,2,182,0,2,182,0,2,182
255,255,255,216,1,0,199,1,0,182,1,1,164,2,3,149,2,5,133,1,6,255,255,255,108,1,12,95,1,16,84,1,21,73,1,25,64,0,31,54,0,37,47,0,44,37,0,49,30,0,56,25,0,66,19,0,75,15,0,87,11,0,98,8,0,111,255,255,255,4,0,138,2,0,153,1,0,170,0,0,186,0,0,205,0,0,223,255,255,255,176,1,1,176,1,1,176,1,1,176,1,1,176,1,1,255,255,255,176,1,1,176,1,1,75,1,24,75,1,24,75,1,24,75,1,24,75,1,23,75,1,23,75,1,23,75,1,23,18,0,78,18,0,78,18,0,78,18,0,78,18,0,78,18,0,78,18,0,78,18,0,78,0,0,182,0,0,182,0,0,182,0,0,182,0,0,182,255,255,255,0,0,182,0,0,182
237,4,0,216,4,0,199,3,0,182,3,1,164,2,2,149,2,2,133,1,4,255,255,255,108,1,9,95,1,12,84,1,16,73,1,21,64,0,26,54,0,32,47,0,38,42,0,49,35,0,56,29,0,66,25,0,75,19,0,87,15,0,98,11,0,111,255,255,255,6,0,138,4,0,153,2,0,170,1,0,186,0,0,205,0,0,223,0,0,245,176,3,1,176,3,1,255,255,255,176,3,1,176,3,1,255,255,255,176,3,1,176,3,1,75,1,20,75,1,20,75,1,20,75,1,20,75,1,19,75,1,19,75,1,19,75,1,19,23,0,78,23,0,78,23,0,78,23,0,78,23,0,78,23,0,78,23,0,78,23,0,78,2,0,182,2,0,182,255,255,255,2,0,182,2,0,182,255,255,255,2,0,182,2,0,182
237,13,0,216,12,0,199,10,0,182,9,1,164,7,2,149,4,2,133,2,1,120,1,2,255,255,255,95,1,7,84,1,9,73,1,14,64,0,17,54,0,23,47,0,29,49,0,43,47,0,56,42,0,66,36,0,75,31,0,87,26,0,98,255,255,255,18,0,123,14,0,138,11,0,153,9,0,170,7,0,186,5,0,205,3,0,223,2,0,245,176,8,1,176,8,1,255,255,255,176,8,1,176,8,1,255,255,255,176,8,1,176,8,1,75,1,12,75,1,12,75,1,12,75,1,12,75,1,12,75,1,12,75,1,12,75,1,12,34,0,78,34,0,78,34,0,78,34,0,78,35,0,78,35,0,78,35,0,78,35,0,78,7,0,182,7,0,182,255,255,255,7,0,182,7,0,182,255,255,255,7,0,182,7,0,182
237,52,0,216,45,0,199,38,0,182,33,1,164,27,2,149,19,2,133,12,1,120,7,1,108,3,1,255,255,255,223,99,105,73,1,4,64,0,6,54,0,10,47,0,15,49,0,25,56,0,39,66,0,61,67,0,75,201,91,226,255,255,255,52,0,111,48,0,123,44,0,138,39,0,153,36,0,170,32,0,186,29,0,205,26,0,223,23,0,245,176,31,1,176,31,1,176,31,1,176,31,1,176,31,1,176,31,1,176,31,1,176,31,1,75,1,3,75,1,3,75,1,3,75,1,3,75,1,3,75,1,3,75,1,3,75,1,3,65,0,78,65,0,78,65,0,78,65,0,78,65,0,78,65,0,78,65,0,78,65,0,78,33,0,182,33,0,182,34,0,182,34,0,182,34,0,182,34,0,182,34,0,182,34,0,182
237,88,0,216,75,0,199,64,0,182,53,1,164,44,2,149,32,2,133,22,1,120,14,1,108,9,1,95,4,1,255,255,255,73,1,1,64,0,3,54,0,6,47,0,9,49,0,17,56,0,28,66,0,45,75,0,64,255,255,255,79,0,98,75,0,111,72,0,123,68,0,138,64,0,153,61,0,170,56,0,186,53,0,205,51,0,223,47,0,245,176,51,1,255,255,255,176,51,1,176,51,1,176,51,1,176,51,1,255,255,255,176,51,1,75,1,1,75,1,1,75,1,1,75,1,1,75,1,1,75,1,1,75,1,1,75,1,1,78,0,71,78,0,71,78,0,71,78,0,71,78,0,71,78,0,71,78,0,71,78,0,71,56,0,182,255,255,255,57,0,182,57,0,182,57,0,182,57,0,182,255,255,255,57,0,182
237,207,0,216,176,0,199,147,0,182,123,1,164,100,2,149,78,2,133,59,1,120,42,1,108,30,1,95,19,1,84,11,1,255,255,255,255,255,255,54,0,0,47,0,2,49,0,5,56,0,10,255,255,255,255,255,255,87,0,44,98,0,60,111,0,82,123,0,103,138,0,132,142,0,153,142,0,170,140,0,186,140,0,205,140,0,223,137,0,245,176,115,1,176,115,1,176,115,1,176,115,1,176,115,1,176,115,1,176,115,1,176,115,1,75,7,1,75,7,1,75,7,1,75,7,1,255,255,255,75,7,1,75,7,1,75,7,1,78,0,33,78,0,33,78,0,33,78,0,33,255,255,255,78,0,33,78,0,33,78,0,33,140,0,182,140,0,182,140,0,182,140,0,182,142,0,182,142,0,182,142,0,182,142,0,182
233,237,0,216,205,0,199,172,0,182,144,1,164,117,2,149,92,2,133,69,1,120,52,1,108,37,1,95,24,1,84,15,1,252,250,247,255,255,255,54,1,0,47,0,1,49,0,4,56,0,8,255,255,255,252,247,250,87,0,36,98,0,50,111,0,68,123,0,88,138,0,112,153,0,140,166,0,170,166,0,186,166,0,205,168,0,223,166,0,245,176,135,1,176,135,1,176,135,1,176,135,1,176,135,1,176,135,1,176,135,1,176,135,1,75,10,1,75,10,1,75,10,1,255,255,255,255,255,255,75,10,1,75,10,1,75,10,1,78,0,27,78,0,27,78,0,27,255,255,255,255,255,255,78,0,27,78,0,27,78,0,27,164,0,182,164,0,182,166,0,182,166,0,182,166,0,182,166,0,182,166,0,182,166,0,182
145,237,0,147,216,0,153,199,0,156,182,1,158,164,2,149,137,2,133,106,1,120,82,1,108,60,1,95,42,1,84,28,1,73,17,1,137,39,13,255,255,255,47,1,0,49,0,1,255,255,255,140,10,33,75,0,11,87,0,19,98,0,27,111,0,40,123,0,52,138,0,69,153,0,88,170,0,111,186,0,133,205,0,162,223,0,190,245,0,228,237,240,111,156,176,1,156,176,1,156,176,1,156,176,1,156,176,1,156,176,1,255,255,255,75,19,1,75,19,1,75,19,1,255,255,255,170,123,64,75,19,1,75,19,1,75,19,1,78,0,14,78,0,14,78,0,14,255,255,255,172,55,117,78,0,14,78,0,14,78,0,14,242,91,233,182,0,127,182,0,127,182,0,127,182,0,127,182,0,127,182,0,127,255,255,255
64,237,0,71,216,0,78,199,0,85,182,1,92,164,2,98,149,2,102,133,1,106,120,1,108,103,1,95,75,1,84,54,1,73,36,1,64,22,0,54,12,0,255,255,255,255,255,255,56,0,0,66,0,1,75,0,2,87,0,6,98,0,9,111,0,15,123,0,21,138,0,29,153,0,38,170,0,51,186,0,63,205,0,79,223,0,93,245,0,115,255,255,255,87,176,1,87,176,1,87,176,1,87,176,1,87,176,1,87,176,1,87,176,1,255,255,255,75,40,1,75,40,1,75,40,1,75,40,1,75,40,1,75,40,1,255,255,255,255,255,255,78,0,3,78,0,3,78,0,3,78,0,3,78,0,3,78,0,3,255,255,255,255,255,255,182,0,60,182,0,60,182,0,60,182,0,60,182,0,60,182,0,60,182,0,60
37,237,0,43,216,0,51,199,0,59,182,1,66,164,2,72,149,2,75,133,1,82,120,1,87,108,1,92,95,1,84,72,1,73,49,1,64,32,0,54,18,0,47,9,0,49,5,0,56,2,0,66,0,0,75,0,0,87,0,2,98,0,4,111,0,7,123,0,11,138,0,16,153,0,22,170,0,30,186,0,38,205,0,49,223,0,60,245,0,74,61,176,1,61,176,1,61,176,1,61,176,1,61,176,1,61,176,1,61,176,1,61,176,1,75,54,1,75,54,1,255,255,255,75,54,1,75,54,1,255,255,255,75,54,1,214,207,137,78,0,1,78,0,1,255,255,255,78,0,1,78,0,1,255,255,255,78,0,1,214,127,133,182,0,36,182,0,36,182,0,36,182,0,36,182,0,36,182,0,36,182,0,36,182,0,36
26,237,0,32,216,0,39,199,0,47,182,1,54,164,2,60,149,2,64,133,1,71,120,1,75,108,1,82,95,1,84,82,1,73,55,1,64,37,0,54,22,0,47,12,0,49,6,0,56,3,0,66,1,0,75,0,0,87,0,1,98,0,2,111,0,4,123,0,7,138,0,11,153,0,15,170,0,22,186,0,29,205,0,37,223,0,45,245,0,57,49,176,1,49,176,1,49,176,1,49,176,1,49,176,1,49,176,1,49,176,1,49,176,1,75,62,1,75,62,1,255,255,255,75,62,1,75,62,1,255,255,255,75,63,1,75,63,1,78,0,0,78,0,0,255,255,255,78,0,0,78,0,0,255,255,255,78,0,0,78,0,0,182,0,27,182,0,27,182,0,27,182,0,27,182,0,27,182,0,27,182,0,27,182,0,27
1,237,0,3,216,0,6,199,0,11,182,1,17,164,2,21,149,2,25,133,1,29,120,1,34,108,1,39,95,1,44,84,1,51,73,1,56,64,0,54,47,0,47,29,0,49,19,0,56,13,0,66,9,0,75,6,0,87,3,0,98,1,0,111,0,0,123,0,0,138,0,0,153,0,0,170,0,1,186,0,2,205,0,4,223,0,6,245,0,9,13,176,1,13,176,1,13,176,1,13,176,1,13,176,1,13,176,1,13,176,1,13,176,1,49,75,1,49,75,1,49,75,1,49,75,1,49,75,1,49,75,1,49,75,1,49,75,1,78,5,0,78,5,0,78,5,0,78,5,0,78,5,0,78,5,0,78,5,0,78,5,0,182,0,2,182,0,2,182,0,2,182,0,2,182,0,2,182,0,2,182,0,2,182,0,2
0,237,0,1,216,0,3,199,0,7,182,1,12,164,2,15,149,2,18,133,1,22,120,1,27,108,1,31,95,1,37,84,1,42,73,1,49,64,0,54,53,0,47,34,0,49,23,0,56,17,0,66,12,0,75,9,0,87,5,0,98,3,0,111,1,0,123,0,0,138,0,0,153,0,0,170,0,0,186,0,1,205,0,2,223,0,2,245,0,4,8,176,1,8,176,1,8,176,1,8,176,1,8,176,1,8,176,1,8,176,1,8,176,1,42,75,1,255,255,255,42,75,1,42,75,1,41,75,1,41,75,1,255,255,255,41,75,1,78,7,0,255,255,255,78,7,0,78,7,0,78,8,0,78,8,0,255,255,255,78,8,0,182,0,0,182,0,0,182,0,0,182,0,0,182,0,0,182,0,0,182,0,0,182,0,0
0,237,0,0,216,0,0,199,0,2,182,1,5,164,2,8,149,2,10,133,1,13,120,1,17,108,1,21,95,1,25,84,1,31,73,1,37,64,0,43,54,0,47,43,0,49,31,0,56,25,0,66,19,0,75,15,0,87,11,0,98,8,0,111,5,0,123,3,0,138,1,0,153,0,0,170,0,0,186,0,0,205,0,0,223,0,0,245,0,0,3,176,1,3,176,1,3,176,1,3,176,1,3,176,1,3,176,1,3,176,1,3,176,1,30,75,1,255,255,255,30,75,1,30,75,1,29,75,1,29,75,1,255,255,255,29,75,1,78,14,0,255,255,255,78,14,0,78,14,0,78,14,0,78,14,0,255,255,255,78,14,0,182,0,0,182,0,0,182,0,0,182,0,0,182,0,0,182,0,0,182,0,0,182,0,0
0,237,18,0,216,16,0,199,14,1,182,12,2,164,10,2,149,6,1,133,3,1,120,1,3,108,1,5,95,1,8,84,1,11,73,1,15,64,0,21,54,0,26,47,0,40,49,0,56,52,0,66,46,0,75,41,0,87,35,0,98,31,0,111,26,0,123,22,0,138,18,0,153,15,0,170,12,0,186,10,0,205,8,0,223,6,0,245,4,0,255,255,255,1,176,11,1,176,11,1,176,11,1,176,11,1,176,11,1,176,11,255,255,255,10,75,1,10,75,1,10,75,1,10,75,1,10,75,1,10,75,1,10,75,1,10,75,1,78,39,0,78,39,0,78,39,0,78,39,0,78,39,0,78,39,0,78,39,0,78,39,0,255,255,255,182,10,0,182,10,0,182,10,0,182,10,0,182,10,0,182,10,0,255,255,255
0,237,27,0,216,23,0,199,20,1,182,17,2,164,14,2,149,9,1,133,5,1,120,2,1,108,1,3,95,1,5,84,1,8,73,1,12,64,0,17,54,0,22,47,0,34,49,0,52,56,0,66,53,0,75,49,0,87,42,0,98,38,0,111,33,0,123,29,0,138,25,0,153,22,0,170,18,0,186,15,0,205,13,0,223,11,0,245,8,0,1,176,16,1,176,16,1,176,16,1,176,16,1,176,16,1,176,16,1,176,16,240,255,255,8,75,1,8,75,1,8,75,1,8,75,1,7,75,1,7,75,1,7,75,1,78,178,52,78,47,0,78,47,0,78,47,0,78,47,0,78,47,0,78,47,0,78,47,0,180,142,42,182,16,0,182,16,0,182,16,0,182,16,0,182,16,0,182,16,0,182,16,0,255,255,228
0,237,51,0,216,43,0,199,37,1,182,31,2,164,26,2,149,18,1,133,11,1,120,7,1,108,3,1,95,1,2,84,1,4,73,1,7,64,0,11,54,0,15,47,0,25,49,0,40,56,0,62,66,0,75,66,0,87,60,0,98,55,0,111,51,0,123,46,0,138,42,0,153,38,0,170,34,0,186,31,0,205,28,0,223,25,0,245,22,0,1,176,29,1,176,29,1,176,29,1,176,29,1,176,29,1,176,29,1,176,29,1,176,29,255,255,255,3,75,1,3,75,1,3,75,1,3,75,1,3,75,1,3,75,1,255,255,255,255,255,255,78,64,0,78,64,0,78,64,0,78,64,0,78,64,0,78,64,0,255,255,255,182,31,0,182,31,0,182,32,0,182,32,0,182,32,0,182,32,0,182,32,0,182,32,0
0,237,122,0,216,105,0,199,88,1,182,74,2,164,61,2,149,45,1,133,32,1,120,22,1,108,14,1,95,8,1,84,4,1,73,1,1,64,0,3,54,0,6,47,0,12,49,0,21,56,0,34,66,0,50,75,0,72,87,0,95,98,0,111,96,0,123,93,0,138,91,0,153,87,0,170,84,0,186,80,0,205,78,0,223,75,0,245,72,0,1,176,69,1,176,69,1,176,69,1,176,69,1,176,69,1,176,69,1,176,69,1,176,69,1,75,2,1,75,2,255,255,255,1,75,2,1,75,2,255,255,255,1,75,2,1,75,2,55,78,0,55,78,0,255,255,255,55,78,0,55,78,0,255,255,255,55,78,0,55,78,0,182,80,0,182,80,0,182,80,0,182,80,0,182,82,0,182,82,0,182,82,0,182,82,0
0,237,176,0,216,149,0,199,125,1,182,105,2,164,85,2,149,66,1,133,49,1,120,35,1,108,23,1,95,15,1,84,8,1,73,4,0,64,1,1,54,0,3,47,0,7,49,0,14,56,0,23,66,0,35,75,0,52,87,0,71,98,0,95,111,0,120,123,0,138,125,0,153,122,0,170,120,0,186,117,0,205,117,0,223,115,0,245,112,0,1,176,98,255,255,255,1,176,98,1,176,98,1,176,98,1,176,98,255,255,255,1,176,98,1,75,5,1,75,5,1,75,5,1,75,5,1,75,5,1,75,5,1,75,5,1,75,5,40,78,0,40,78,0,40,78,0,40,78,0,40,78,0,40,78,0,40,78,0,40,78,0,182,117,0,255,255,255,182,117,0,182,117,0,182,119,0,182,119,0,255,255,255,182,119,0
0,207,237,0,205,216,0,199,192,1,182,158,2,164,128,2,149,102,1,133,78,1,120,59,1,108,42,1,95,28,1,84,18,1,73,10,0,64,5,0,54,1,1,47,0,3,49,0,6,56,0,13,66,0,20,75,0,31,87,0,43,98,0,61,111,0,78,123,0,100,138,0,125,153,0,155,170,0,186,184,0,205,186,0,223,188,0,245,188,0,1,176,149,255,255,255,1,176,149,1,176,149,1,176,149,1,176,149,255,255,255,1,176,149,1,75,11,1,75,11,1,75,11,1,75,11,1,75,11,1,75,11,1,75,12,1,75,12,23,78,0,23,78,0,23,78,0,23,78,0,23,78,0,23,78,0,23,78,0,23,78,0,178,182,0,255,255,255,178,182,0,178,182,0,178,182,0,178,182,0,255,255,255,178,182,0
0,123,237,0,127,216,0,133,199,1,138,182,2,142,164,2,145,149,1,133,119,1,120,92,1,108,68,1,95,49,1,84,33,1,73,21,0,64,11,0,54,5,0,47,2,0,49,0,2,56,0,5,66,0,9,75,0,15,87,0,22,98,0,33,111,0,44,123,0,59,138,0,74,153,0,95,170,0,115,186,0,140,205,0,164,223,0,199,245,0,1,138,176,1,138,176,1,138,176,1,138,176,1,138,176,1,138,176,1,138,176,1,138,176,1,75,23,1,75,23,1,75,23,1,75,23,1,75,23,1,75,23,1,75,23,1,75,23,10,78,0,10,78,0,10,78,0,10,78,0,10,78,0,10,78,0,10,78,0,10,78,0,109,182,0,109,182,0,109,182,0,109,182,0,109,182,0,109,182,0,109,182,0,109,182,0
0,82,237,0,88,216,0,95,199,1,102,182,2,108,164,2,112,149,1,117,133,1,120,119,1,108,91,1,95,65,1,84,46,1,73,30,0,64,18,0,54,9,255,255,255,255,255,255,0,56,0,2,66,0,4,75,0,8,87,0,13,98,0,20,111,0,27,123,0,38,138,0,50,153,0,64,170,0,79,186,0,98,205,0,115,223,0,140,245,0,1,103,176,1,103,176,1,103,176,1,103,176,1,103,176,1,103,176,1,103,176,1,103,176,1,75,34,1,75,34,1,75,34,255,255,255,1,75,34,1,75,34,1,75,34,1,75,34,5,78,0,5,78,0,5,78,0,255,255,255,5,78,0,5,78,0,5,78,0,5,78,0,74,182,0,74,182,0,74,182,0,74,182,0,74,182,0,74,182,0,74,182,0,74,182,0
0,28,237,0,34,216,0,41,199,1,49,182,2,57,164,2,62,149,1,66,133,1,72,120,1,78,108,1,83,95,1,84,79,1,73,54,255,255,255,255,255,255,0,47,11,0,49,6,255,255,255,255,255,255,0,75,0,1,87,0,2,98,0,5,111,0,8,123,0,12,138,0,17,153,0,23,170,0,30,186,0,39,205,0,48,223,0,61,245,0,1,52,176,1,52,176,255,255,255,1,52,176,1,52,176,87,172,237,1,52,176,1,52,176,1,75,61,1,75,61,1,75,61,1,75,61,205,245,242,1,75,61,1,75,61,1,75,61,0,78,0,0,78,0,0,78,0,0,78,0,201,247,199,0,78,0,0,78,0,0,78,0,28,182,0,28,182,0,255,255,255,28,182,0,28,182,0,153,240,68,28,182,0,28,182,0
0,12,237,0,17,216,0,23,199,1,30,182,2,38,164,2,42,149,1,47,133,1,52,120,1,57,108,1,63,95,1,69,84,255,255,255,255,255,255,0,54,30,0,47,17,0,49,10,0,56,6,255,255,255,255,255,255,0,87,0,0,98,0,1,111,0,2,123,0,5,138,0,7,153,0,11,170,0,15,186,0,21,205,0,25,223,0,34,245,0,1,32,176,1,32,176,255,255,255,1,32,176,1,32,176,255,255,255,1,32,176,1,32,176,1,74,75,1,74,75,1,73,75,1,73,75,1,73,75,1,73,75,1,73,75,1,73,75,0,78,1,0,78,1,0,78,1,0,78,1,0,78,1,0,78,1,0,78,1,0,78,1,14,182,0,14,182,0,255,255,255,14,182,0,14,182,0,255,255,255,14,182,0,14,182,0
255,255,255,0,4,216,0,7,199,1,12,182,2,18,164,2,22,149,1,25,133,1,30,120,1,35,108,255,255,255,255,255,255,1,52,73,0,57,64,0,54,46,0,47,28,0,49,18,0,56,13,0,66,9,0,75,5,255,255,255,255,255,255,0,111,0,0,123,0,0,138,0,1,153,0,2,170,0,3,186,0,5,205,0,7,223,0,255,255,255,1,14,176,1,14,176,1,14,176,1,14,176,1,14,176,1,14,176,1,14,176,1,14,176,1,51,75,1,51,75,1,50,75,1,50,75,1,50,75,1,50,75,1,50,75,1,50,75,0,78,4,0,78,4,0,78,4,0,78,4,0,78,5,0,78,5,0,78,5,0,78,5,3,182,0,3,182,0,3,182,0,3,182,0,3,182,0,3,182,0,3,182,0,3,182,0
255,255,255,255,255,255,0,0,199,1,2,182,2,6,164,2,8,149,1,11,133,1,14,120,255,255,255,255,255,255,1,27,84,1,32,73,0,38,64,0,45,54,0,47,42,0,49,31,0,56,24,0,66,18,0,75,14,0,87,10,255,255,255,255,255,255,0,123,2,0,138,1,0,153,0,0,170,0,0,186,0,0,205,0,255,255,255,255,255,255,1,3,176,1,3,176,1,3,176,1,3,176,1,3,176,1,3,176,1,3,176,1,3,176,1,31,75,1,31,75,1,31,75,1,31,75,1,31,75,1,31,75,1,31,75,1,31,75,0,78,13,0,78,13,0,78,13,0,78,13,0,78,13,0,78,13,0,78,13,0,78,13,0,182,0,0,182,0,0,182,0,0,182,0,0,182,0,0,182,0,0,182,0,0,182,0
3,0,237,255,255,255,140,106,245,2,1,182,2,2,164,2,3,149,1,5,133,255,255,255,255,255,255,1,14,95,1,17,84,1,22,73,0,27,64,0,34,54,0,40,47,0,49,41,0,56,34,0,66,28,0,75,23,0,87,18,0,98,14,255,255,255,255,255,255,0,138,5,0,153,3,0,170,2,0,186,1,85,245,109,255,255,255,0,245,0,2,1,176,2,1,176,2,1,176,2,1,176,2,1,176,2,1,176,2,1,176,2,1,176,1,21,75,1,21,75,1,21,75,1,21,75,1,21,75,1,21,75,1,21,75,1,21,75,0,78,21,0,78,21,0,78,21,0,78,21,0,78,22,0,78,22,0,78,22,0,78,22,0,182,1,0,182,1,0,182,1,0,182,1,0,182,1,0,182,1,0,182,1,0,182,1
17,0,237,15,0,216,255,255,255,255,255,255,9,2,164,255,255,255,255,255,255,1,2,120,1,3,108,1,5,95,1,8,84,1,12,73,0,16,64,0,21,54,0,27,47,0,41,49,0,56,51,0,66,45,0,75,40,0,87,34,0,98,29,0,111,25,0,123,21,255,255,255,255,255,255,0,170,11,255,255,255,255,255,255,0,223,5,0,245,3,10,1,176,10,1,176,10,1,176,255,255,255,255,255,255,10,1,176,10,1,176,10,1,176,1,11,75,1,11,75,1,11,75,1,11,75,1,10,75,1,10,75,1,10,75,1,10,75,0,78,37,0,78,37,0,78,37,0,78,37,0,78,38,0,78,38,0,78,38,0,78,38,0,182,9,0,182,9,0,182,10,255,255,255,255,255,255,0,182,10,0,182,10,0,182,10
47,0,237,41,0,216,34,0,199,255,255,255,255,255,255,255,255,255,10,1,133,6,1,120,3,1,108,1,1,95,1,2,84,1,5,73,0,7,64,0,11,54,0,16,47,0,26,49,0,42,56,0,64,66,0,75,64,0,87,57,0,98,53,0,111,48,0,123,44,0,138,40,255,255,255,255,255,255,255,255,255,0,205,25,0,223,23,0,245,19,28,1,176,28,1,176,28,1,176,28,1,176,28,1,176,28,1,176,28,1,176,28,1,176,1,4,75,1,4,75,1,4,75,1,4,75,1,4,75,1,4,75,1,4,75,1,4,75,0,78,62,0,78,62,0,78,62,0,78,62,0,78,62,0,78,62,0,78,62,0,78,62,0,182,29,0,182,29,0,182,30,0,182,30,0,182,30,0,182,30,0,182,30,0,182,30
95,0,237,82,0,216,255,255,255,255,255,255,255,255,255,255,255,255,24,1,133,16,1,120,10,1,108,5,1,95,2,1,84,1,1,73,0,2,64,0,5,54,0,9,47,0,15,49,0,26,56,0,42,66,0,60,75,0,85,87,0,98,84,0,111,80,0,123,77,0,138,73,255,255,255,255,255,255,255,255,255,255,255,255,0,223,55,0,245,52,54,1,176,54,1,176,54,1,176,255,255,255,255,255,255,54,1,176,54,1,176,54,1,176,1,1,75,1,1,75,1,1,75,1,1,75,1,1,75,1,1,75,1,1,75,1,1,75,0,67,78,0,67,78,0,66,78,0,66,78,0,66,78,0,66,78,0,66,78,0,66,78,0,182,62,0,182,62,0,182,62,255,255,255,255,255,255,0,182,63,0,182,63,0,182,63
140,0,237,255,255,255,255,255,255,84,1,182,68,2,164,255,255,255,37,1,133,27,1,120,17,1,108,10,1,95,5,1,84,2,1,73,0,1,64,0,2,54,0,5,47,0,10,49,0,18,56,0,30,66,0,44,75,0,65,87,0,85,98,0,111,106,0,123,105,0,138,102,255,255,255,0,170,96,0,186,92,255,255,255,252,255,255,0,245,85,79,1,176,79,1,176,79,1,176,255,255,255,255,255,255,79,1,176,79,1,176,79,1,176,3,1,75,3,1,75,3,1,75,3,1,75,3,1,75,3,1,75,3,1,75,3,1,75,0,50,78,0,50,78,0,50,78,0,50,78,0,50,78,0,50,78,0,50,78,0,50,78,0,182,92,0,182,92,0,182,93,255,255,255,255,255,255,0,182,93,0,182,93,0,182,93
255,255,255,255,255,255,164,0,199,137,1,182,111,2,164,87,2,149,255,255,255,49,1,120,34,1,108,22,1,95,14,1,84,7,1,73,3,0,64,1,0,54,0,1,47,0,4,49,0,9,56,0,16,66,0,25,75,0,38,87,0,52,98,0,73,111,0,93,123,255,255,255,0,147,153,0,170,158,0,186,156,0,205,158,255,255,255,255,255,255,128,1,176,128,1,176,128,1,176,128,1,176,128,1,176,128,1,176,128,1,176,128,1,176,9,1,75,9,1,75,9,1,75,9,1,75,9,1,75,9,1,75,9,1,75,9,1,75,0,29,78,0,29,78,0,29,78,0,29,78,0,29,78,0,29,78,0,29,78,0,29,78,0,182,156,0,182,156,0,182,158,0,182,158,0,182,158,0,182,158,0,182,158,0,182,158
237,0,155,216,0,156,199,0,160,182,1,164,162,2,164,130,2,149,100,1,133,255,255,255,56,1,108,39,1,95,26,1,84,15,1,73,8,0,64,3,0,54,1,0,47,0,1,49,0,3,56,0,8,66,0,13,75,0,21,87,0,30,98,0,43,111,255,255,255,0,74,138,0,93,153,0,117,170,0,142,186,0,172,205,0,201,223,0,240,245,176,1,164,176,1,164,255,255,255,176,1,164,176,1,164,255,255,255,176,1,164,176,1,164,18,1,75,18,1,75,18,1,75,18,1,75,18,1,75,18,1,75,18,1,75,18,1,75,0,15,78,0,15,78,0,15,78,0,15,78,0,15,78,0,15,78,0,15,78,0,15,78,0,135,182,0,135,182,255,255,255,0,135,182,0,135,182,255,255,255,0,135,182,0,135,182
237,0,128,216,0,132,199,0,137,182,1,142,164,2,145,149,2,149,115,1,133,255,255,255,255,255,255,47,1,95,32,1,84,19,1,73,11,0,64,5,0,54,1,0,47,0,0,49,0,2,56,0,5,66,0,9,75,0,16,87,0,23,98,255,255,255,255,255,255,0,61,138,0,77,153,0,98,170,0,119,186,0,145,205,0,170,223,0,205,245,176,1,142,176,1,142,255,255,255,176,1,142,176,1,142,255,255,255,176,1,142,176,1,142,22,1,75,22,1,75,22,1,75,22,1,75,22,1,75,22,1,75,23,1,75,23,1,75,0,11,78,0,11,78,0,11,78,0,11,78,0,11,78,0,11,78,0,11,78,0,11,78,0,112,182,0,112,182,255,255,255,0,112,182,0,112,182,255,255,255,0,112,182,0,112,182
237,0,42,216,0,48,199,0,55,182,1,63,164,2,71,149,2,77,133,1,80,120,1,85,108,1,92,255,255,255,207,99,223,46,1,73,30,0,64,17,0,54,9,0,47,4,0,49,1,0,56,0,0,66,0,1,75,91,109,226,255,255,255,0,8,111,0,12,123,0,18,138,0,25,153,0,34,170,0,42,186,0,54,205,0,65,223,0,82,245,176,1,65,176,1,65,176,1,65,176,1,65,176,1,65,176,1,65,176,1,65,176,1,65,52,1,75,52,1,75,52,1,75,52,1,75,52,1,75,52,1,75,52,1,75,52,1,75,0,1,78,0,1,78,0,1,78,0,1,78,0,1,78,0,1,78,0,1,78,0,1,78,0,40,182,0,40,182,0,40,182,0,40,182,0,40,182,0,40,182,0,40,182,0,40,182
237,0,29,216,0,35,199,0,42,182,1,51,164,2,59,149,2,63,133,1,67,120,1,73,108,1,79,255,255,255,255,255,255,53,1,73,36,0,64,21,0,54,11,0,47,6,0,49,2,0,56,1,0,66,0,0,75,255,255,255,255,255,255,0,5,111,0,8,123,0,12,138,0,17,153,0,24,170,0,31,186,0,40,205,0,49,223,0,62,245,176,1,52,176,1,52,176,1,52,176,1,52,176,1,52,176,1,52,214,48,135,176,1,52,60,1,75,60,1,75,60,1,75,60,1,75,60,1,75,60,1,75,60,1,75,60,1,75,0,0,78,0,0,78,0,0,78,0,0,78,0,0,78,0,0,78,0,0,78,0,0,78,0,29,182,0,29,182,0,29,182,0,29,182,0,29,182,0,29,182,25,108,216,0,29,182
237,0,14,216,0,19,199,0,25,182,1,32,164,2,40,149,2,44,133,1,49,120,1,54,108,1,60,95,1,65,255,255,255,255,240,255,47,0,64,29,0,54,16,0,47,10,0,49,5,0,56,2,0,66,240,235,255,255,255,255,0,0,98,0,1,111,0,3,123,0,5,138,0,8,153,0,12,170,0,16,186,0,22,205,0,27,223,0,36,245,176,1,34,255,255,255,176,1,34,176,1,34,176,1,34,176,1,34,255,255,255,176,1,34,75,1,75,75,1,75,75,1,75,75,1,75,75,1,75,75,1,75,75,1,75,75,1,75,0,0,78,0,0,78,0,0,78,0,0,78,0,0,78,0,0,78,0,0,78,0,0,78,0,15,182,255,255,255,0,15,182,0,15,182,0,15,182,0,15,182,255,255,255,0,15,182
237,0,0,216,0,0,199,0,2,182,1,5,164,2,10,149,2,13,133,1,16,120,1,20,108,1,24,95,1,29,84,1,34,73,1,40,255,255,255,54,0,52,36,0,47,25,0,49,18,0,56,255,255,255,10,0,75,6,0,87,4,0,98,2,0,111,1,0,123,0,0,138,0,0,153,0,0,170,0,0,186,0,1,205,0,1,223,0,3,245,176,1,6,176,1,6,176,1,6,176,1,6,176,1,6,176,1,6,176,1,6,176,1,6,75,1,38,75,1,38,75,1,38,255,255,255,255,255,255,75,1,38,75,1,38,75,1,38,9,0,78,9,0,78,9,0,78,255,255,255,255,255,255,9,0,78,9,0,78,9,0,78,0,0,182,0,0,182,0,0,182,0,0,182,0,0,182,0,0,182,0,0,182,0,0,182
237,0,0,216,0,0,199,0,0,182,1,3,164,2,6,149,2,9,133,1,11,120,1,15,108,1,19,95,1,23,84,1,28,73,1,34,255,255,255,255,255,255,42,0,47,29,0,49,255,255,255,255,255,255,13,0,75,9,0,87,6,0,98,4,0,111,2,0,123,1,0,138,0,0,153,0,0,170,0,0,186,0,0,205,0,0,223,0,1,245,176,1,4,176,1,4,176,1,4,176,1,4,176,1,4,176,1,4,176,1,4,176,1,4,75,1,32,75,1,32,75,1,32,255,255,255,255,255,255,75,1,31,75,1,31,75,1,31,12,0,78,12,0,78,12,0,78,255,255,255,255,255,255,12,0,78,12,0,78,12,0,78,0,0,182,0,0,182,0,0,182,0,0,182,0,0,182,0,0,182,0,0,182,0,0,182
237,5,0,216,5,0,199,4,0,182,4,1,164,3,2,149,2,2,133,1,3,120,1,6,108,1,8,95,1,11,84,1,14,73,1,19,64,0,24,255,255,255,255,255,255,255,255,255,255,255,255,31,0,66,27,0,75,21,0,87,17,0,98,13,0,111,10,0,123,8,0,138,5,0,153,3,0,170,2,0,186,1,0,205,0,0,223,0,0,245,255,255,255,176,3,1,176,3,1,176,3,1,176,3,1,176,3,1,176,3,1,255,255,255,255,255,255,75,1,18,75,1,18,75,1,18,75,1,18,75,1,18,75,1,18,91,2,25,255,255,255,25,0,78,25,0,78,25,0,78,25,0,78,25,0,78,25,0,78,33,1,93,255,255,255,2,0,182,2,0,182,2,0,182,2,0,182,2,0,182,2,0,182,255,255,255
237,32,0,216,28,0,199,23,0,182,21,1,164,17,2,149,11,2,133,6,1,120,3,1,108,1,1,95,1,2,84,1,4,73,1,7,64,0,10,54,0,15,47,0,20,49,0,31,56,0,50,57,0,66,52,0,75,47,0,87,42,0,98,37,0,111,33,0,123,29,0,138,25,0,153,22,0,170,18,0,186,16,0,205,14,0,223,11,0,245,176,19,1,176,19,1,176,19,1,176,19,1,176,19,1,176,19,1,176,19,1,176,19,1,75,1,6,75,1,6,255,255,255,75,1,6,75,1,6,255,255,255,75,1,6,214,137,155,51,0,78,51,0,78,255,255,255,51,0,78,51,0,78,255,255,255,51,0,78,203,127,214,19,0,182,19,0,182,19,0,182,19,0,182,19,0,182,19,0,182,19,0,182,19,0,182
237,57,0,216,50,0,199,42,0,182,36,1,164,29,2,149,21,2,133,14,1,120,8,1,108,4,1,95,2,1,84,1,1,73,1,3,64,0,6,54,0,10,47,0,14,49,0,23,56,0,37,66,0,57,71,0,75,65,0,87,61,0,98,55,0,111,52,0,123,48,0,138,43,0,153,40,0,170,36,0,186,33,0,205,30,0,223,27,0,245,176,34,1,176,34,1,176,34,1,176,34,1,176,34,1,176,34,1,176,34,1,176,34,1,75,1,3,75,1,3,255,255,255,75,1,3,75,1,3,255,255,255,75,1,3,75,1,3,68,0,78,68,0,78,255,255,255,68,0,78,68,0,78,255,255,255,69,0,78,69,0,78,36,0,182,36,0,182,37,0,182,37,0,182,37,0,182,37,0,182,37,0,182,37,0,182
237,92,0,216,78,0,199,66,0,182,55,1,164,46,2,149,34,2,133,23,1,120,15,1,108,9,1,95,5,1,84,2,1,73,1,1,64,0,3,54,0,5,47,0,9,49,0,16,56,0,27,66,0,43,75,0,62,85,0,87,82,0,98,77,0,111,74,0,123,71,0,138,66,0,153,63,0,170,59,0,186,55,0,205,52,0,223,50,0,245,176,52,1,176,52,1,176,52,1,176,52,1,176,52,1,176,52,1,176,52,1,176,52,1,75,1,1,75,1,1,75,1,1,75,1,1,75,1,1,75,1,1,75,1,1,75,1,1,78,0,68,78,0,68,78,0,68,78,0,68,78,0,68,78,0,68,78,0,68,78,0,68,60,0,182,60,0,182,60,0,182,60,0,182,61,0,182,61,0,182,61,0,182,61,0,182
237,112,0,216,96,0,199,82,0,182,68,1,164,55,2,149,42,2,133,29,1,120,20,1,108,13,1,95,7,1,84,3,1,73,1,1,64,0,1,54,0,4,47,0,7,49,0,13,56,0,22,66,0,37,75,0,53,87,0,77,95,0,98,91,0,111,87,0,123,84,0,138,80,0,153,78,0,170,73,0,186,71,0,205,68,0,223,65,0,245,176,64,1,176,64,1,176,64,1,176,64,1,176,64,1,176,64,1,176,64,1,176,64,1,75,1,1,75,1,1,75,1,1,75,1,1,75,1,1,75,1,1,75,1,1,75,1,1,78,0,60,78,0,60,78,0,59,78,0,59,78,0,59,78,0,59,78,0,59,78,0,59,74,0,182,74,0,182,75,0,182,75,0,182,75,0,182,75,0,182,75,0,182,75,0,182
221,237,0,216,216,0,199,182,0,182,151,1,164,122,2,149,96,2,133,73,1,120,54,1,108,39,1,95,26,1,84,16,1,73,9,1,64,4,0,54,1,0,47,0,1,49,0,3,56,0,7,66,0,14,75,0,22,87,0,34,98,0,46,111,0,65,123,0,83,138,0,106,153,0,133,170,0,164,176,0,186,176,0,205,178,0,223,178,0,245,176,142,1,176,142,1,176,142,1,176,142,1,176,142,1,176,142,1,176,142,1,176,142,1,75,11,1,255,255,255,75,11,1,75,11,1,75,11,1,75,11,1,255,255,255,75,11,1,78,0,25,255,255,255,78,0,25,78,0,25,78,0,25,78,0,25,255,255,255,78,0,25,174,0,182,174,0,182,174,0,182,174,0,182,176,0,182,176,0,182,176,0,182,176,0,182
160,237,0,162,216,0,166,199,0,168,182,1,164,158,2,149,127,2,133,98,1,120,74,1,108,54,1,95,38,1,84,25,1,73,15,1,64,8,0,54,3,0,47,1,0,49,0,1,56,0,3,66,0,8,75,0,13,87,0,22,98,0,31,111,0,45,123,0,59,138,0,77,153,0,96,170,0,122,186,0,147,205,0,178,223,0,207,242,0,245,255,255,255,168,176,1,168,176,1,168,176,1,168,176,1,168,176,1,168,176,1,255,255,255,75,17,1,75,17,1,75,17,1,75,17,1,75,17,1,75,17,1,75,17,1,75,17,1,78,0,15,78,0,15,78,0,15,78,0,15,78,0,15,78,0,15,78,0,15,78,0,15,255,255,255,182,0,140,182,0,140,182,0,140,182,0,140,182,0,140,182,0,140,255,255,255
112,237,0,117,216,0,122,199,0,128,182,1,133,164,2,137,149,2,133,127,1,120,98,1,108,74,1,95,52,1,84,36,1,73,23,1,64,13,0,54,6,0,47,2,0,49,0,0,56,0,1,66,0,4,75,0,7,87,0,13,98,0,19,111,0,29,123,0,39,138,0,52,153,0,67,170,0,85,186,0,105,205,0,128,223,0,151,245,0,182,255,255,255,128,176,1,128,176,1,128,176,1,128,176,1,128,176,1,128,176,1,255,255,255,75,26,1,75,26,1,75,26,1,75,26,1,75,26,1,75,26,1,75,26,1,75,26,1,78,0,9,78,0,9,78,0,9,78,0,9,78,0,9,78,0,9,78,0,9,78,0,9,255,255,255,182,0,100,182,0,100,182,0,100,182,0,100,182,0,100,182,0,100,255,255,255
55,237,0,62,216,0,69,199,0,78,182,1,84,164,2,89,149,2,93,133,1,99,120,1,105,108,1,95,82,1,84,59,1,73,39,1,64,25,0,54,14,0,47,6,0,49,2,0,56,0,0,66,0,0,75,0,2,87,0,4,98,0,7,111,0,12,123,0,17,138,0,25,153,0,34,170,0,44,186,0,55,205,0,69,223,0,83,245,0,103,79,176,1,79,176,1,79,176,1,79,176,1,79,176,1,79,176,1,79,176,1,79,176,1,255,255,255,75,43,1,75,43,1,75,43,1,75,43,1,75,43,1,75,44,1,255,255,255,255,255,255,78,0,2,78,0,2,78,0,2,78,0,2,78,0,2,78,0,2,255,255,255,182,0,52,182,0,52,182,0,52,182,0,52,182,0,52,182,0,52,182,0,52,182,0,52
23,237,0,29,216,0,35,199,0,43,182,1,52,164,2,56,149,2,61,133,1,66,120,1,72,108,1,77,95,1,83,84,1,73,59,1,64,40,0,54,23,0,47,13,0,49,7,0,56,3,0,66,1,0,75,0,0,87,0,0,98,0,1,111,0,3,123,0,6,138,0,9,153,0,14,170,0,19,186,0,25,205,0,33,223,0,41,245,0,52,45,176,1,45,176,1,45,176,1,45,176,1,45,176,1,45,176,1,45,176,1,45,176,1,75,65,1,75,65,1,255,255,255,75,65,1,75,65,1,255,255,255,75,66,1,75,66,1,78,0,0,78,0,0,255,255,255,78,0,0,78,0,0,255,255,255,78,0,0,78,0,0,182,0,23,182,0,23,182,0,23,182,0,23,182,0,23,182,0,23,182,0,23,182,0,23
10,237,0,14,216,0,19,199,0,27,182,1,34,164,2,38,149,2,42,133,1,48,120,1,52,108,1,59,95,1,64,84,1,71,73,1,64,52,0,54,33,0,47,19,0,49,11,0,56,7,0,66,4,0,75,1,0,87,0,0,98,0,0,111,0,1,123,0,2,138,0,3,153,0,6,170,0,9,186,0,12,205,0,17,223,0,21,245,0,28,28,176,1,247,255,240,28,176,1,28,176,1,28,176,1,28,176,1,28,176,1,28,176,1,69,75,1,69,75,1,188,192,85,68,75,1,68,75,1,255,255,255,68,75,1,68,75,1,78,1,0,78,1,0,194,91,79,78,1,0,78,1,0,255,255,255,78,1,0,78,1,0,182,0,11,255,233,242,182,0,11,182,0,11,182,0,11,182,0,11,182,0,11,182,0,11
2,237,0,5,216,0,9,199,0,14,182,1,21,164,2,25,149,2,28,133,1,33,120,1,37,108,1,43,95,1,49,84,1,54,73,1,61,64,0,54,43,0,47,26,0,49,17,0,56,11,0,66,8,0,75,5,0,87,2,0,98,1,0,111,0,0,123,0,0,138,0,0,153,0,1,170,0,2,186,0,4,205,0,6,223,0,9,245,0,12,16,176,1,255,255,255,16,176,1,16,176,1,16,176,1,16,176,1,255,255,255,16,176,1,53,75,1,53,75,1,53,75,1,53,75,1,52,75,1,52,75,1,52,75,1,52,75,1,78,4,0,78,4,0,78,4,0,78,4,0,78,4,0,78,4,0,78,4,0,78,4,0,182,0,4,255,255,255,182,0,4,182,0,4,182,0,4,182,0,4,255,255,255,182,0,4
0,237,0,0,216,0,1,199,0,3,182,1,7,164,2,10,149,2,12,133,1,16,120,1,19,108,1,24,95,1,29,84,1,34,73,1,40,64,0,47,54,0,47,40,0,49,29,0,56,22,0,66,17,0,75,13,0,87,9,0,98,6,0,111,3,0,123,2,0,138,1,0,153,0,0,170,0,0,186,0,0,205,0,0,223,0,0,245,0,1,4,176,1,4,176,1,4,176,1,4,176,1,4,176,1,4,176,1,4,176,1,4,176,1,34,75,1,34,75,1,34,75,1,34,75,1,33,75,1,33,75,1,33,75,1,33,75,1,78,11,0,78,11,0,78,11,0,78,11,0,78,12,0,78,12,0,78,12,0,78,12,0,182,0,0,182,0,0,182,0,0,182,0,0,182,0,0,182,0,0,182,0,0,182,0,0
0,237,5,0,216,4,0,199,4,1,182,3,2,164,3,2,149,2,4,133,1,6,120,1,9,108,1,12,95,1,15,84,1,20,73,1,25,64,0,31,54,0,255,255,255,255,255,255,56,36,0,66,31,0,75,25,0,87,20,0,98,16,0,111,12,0,123,9,0,138,7,0,153,5,0,170,3,0,186,2,0,205,1,0,223,0,0,245,0,0,1,176,3,1,176,3,1,176,3,1,176,3,1,176,3,1,176,3,1,176,3,1,176,3,19,75,1,19,75,1,19,75,1,255,255,255,18,75,1,18,75,1,18,75,1,18,75,1,78,23,0,78,23,0,78,23,0,255,255,255,78,24,0,78,24,0,78,24,0,78,24,0,182,2,0,182,2,0,182,2,0,182,2,0,182,2,0,182,2,0,182,2,0,182,2,0
0,237,30,0,216,27,0,199,22,1,182,19,2,164,16,2,149,10,1,133,6,1,120,3,1,108,1,2,95,1,5,84,1,8,73,1,255,255,255,255,255,255,21,47,0,33,49,0,255,255,255,255,255,255,75,52,0,87,45,0,98,41,0,111,36,0,123,31,0,138,28,0,153,24,0,170,21,0,186,17,0,205,15,0,223,12,0,245,10,0,1,176,18,1,176,18,255,255,255,1,176,18,1,176,18,87,237,137,1,176,18,1,176,18,7,75,1,7,75,1,7,75,1,7,75,1,221,245,205,6,75,1,6,75,1,6,75,1,78,49,0,78,49,0,78,49,0,78,49,0,247,240,199,78,50,0,78,50,0,78,50,0,182,18,0,182,18,0,255,255,255,182,18,0,182,18,0,240,140,68,182,18,0,182,18,0
0,237,54,0,216,47,0,199,40,1,182,34,2,164,28,2,149,19,1,133,13,1,120,8,1,108,4,1,95,1,2,84,1,255,255,255,255,255,255,10,54,0,14,47,0,23,49,0,38,56,0,255,255,255,255,255,255,87,63,0,98,59,0,111,53,0,123,50,0,138,46,0,153,41,0,170,37,0,186,34,0,205,31,0,223,28,0,245,25,0,1,176,32,1,176,32,255,255,255,1,176,32,1,176,32,255,255,255,1,176,32,1,176,32,3,75,1,3,75,1,3,75,1,3,75,1,3,75,1,3,75,1,3,75,1,3,75,1,78,66,0,78,66,0,78,66,0,78,66,0,78,66,0,78,66,0,78,67,0,78,67,0,182,34,0,182,34,0,255,255,255,182,35,0,182,35,0,255,255,255,182,35,0,182,35,0
255,255,255,0,216,111,0,199,93,1,182,79,2,164,64,2,149,49,1,133,34,1,120,24,1,108,15,255,255,255,255,255,255,1,73,2,1,64,0,3,54,0,6,47,0,11,49,0,19,56,0,32,66,0,47,75,0,255,255,255,255,255,255,111,100,0,123,99,0,138,96,0,153,92,0,170,89,0,186,85,0,205,84,0,223,82,0,255,255,255,1,176,74,1,176,74,1,176,74,1,176,74,1,176,74,1,176,74,1,176,74,1,176,74,1,75,2,1,75,2,1,75,2,1,75,2,1,75,2,1,75,2,1,75,2,1,75,2,52,78,0,52,78,0,52,78,0,52,78,0,52,78,0,52,78,0,52,78,0,52,78,0,182,87,0,182,87,0,182,88,0,182,88,0,182,88,0,182,88,0,182,88,0,182,88,0
255,255,255,255,255,255,0,199,132,1,182,109,2,164,89,2,149,69,1,133,52,1,120,37,255,255,255,255,255,255,1,84,9,1,73,4,0,64,1,1,54,0,3,47,0,7,49,0,12,56,0,22,66,0,34,75,0,50,87,0,255,255,255,255,255,255,115,123,0,138,130,0,153,128,0,170,127,0,186,123,0,205,123,0,255,255,255,255,255,255,1,176,103,1,176,103,1,176,103,1,176,103,1,176,103,1,176,103,1,176,103,1,176,103,1,75,5,1,75,5,1,75,5,1,75,5,1,75,5,1,75,5,1,75,5,1,75,5,37,78,0,37,78,0,37,78,0,37,78,0,37,78,0,37,78,0,37,78,0,37,78,0,182,123,0,182,123,0,182,123,0,182,123,0,182,125,0,182,125,0,182,125,0,182,125,0
0,228,237,255,255,255,106,245,240,1,182,147,2,164,119,2,149,93,1,133,71,255,255,255,255,255,255,1,95,25,1,84,15,1,73,8,0,64,4,0,54,1,1,47,0,3,49,0,7,56,0,14,66,0,22,75,0,35,87,0,48,98,0,255,255,255,255,255,255,111,138,0,137,153,0,170,170,0,186,170,0,245,240,85,255,255,255,245,172,0,1,176,138,1,176,138,1,176,138,1,176,138,1,176,138,1,176,138,1,176,138,1,176,138,1,75,10,1,75,10,1,75,10,1,75,10,1,75,10,1,75,10,1,75,10,1,75,10,26,78,0,26,78,0,26,78,0,26,78,0,26,78,0,26,78,0,26,78,0,26,78,0,182,168,0,182,168,0,182,170,0,182,170,0,182,170,0,182,170,0,182,170,0,182,170,0
0,194,237,255,255,255,255,255,255,1,182,170,2,164,137,2,149,109,255,255,255,255,255,255,1,108,45,1,95,31,1,84,20,1,73,11,0,64,6,0,54,2,0,47,0,2,49,0,5,56,0,11,66,0,18,75,0,29,87,0,40,98,0,55,111,0,255,255,255,255,255,255,117,153,0,145,170,0,176,186,0,255,255,255,255,255,255,245,203,0,1,176,158,1,176,158,1,176,158,255,255,255,1,176,158,1,176,158,1,176,158,1,176,158,1,75,13,1,75,13,1,75,13,1,75,13,1,75,13,1,75,13,1,75,13,1,75,13,21,78,0,21,78,0,21,78,0,21,78,0,21,78,0,21,78,0,21,78,0,21,78,0,166,182,0,166,182,0,166,182,0,255,255,255,166,182,0,166,182,0,166,182,0,166,182,0
0,93,237,0,99,216,0,106,199,255,255,255,255,255,255,255,255,255,1,127,133,1,120,109,1,108,83,1,95,60,1,84,42,1,73,27,0,64,16,0,54,8,0,47,3,0,49,1,1,56,0,3,66,0,5,75,0,10,87,0,15,98,0,24,111,0,32,123,0,44,138,0,255,255,255,255,255,255,255,255,255,111,205,0,130,223,0,158,245,0,1,114,176,1,114,176,1,114,176,1,114,176,255,255,255,1,114,176,1,114,176,1,114,176,1,75,30,1,75,30,1,75,30,1,75,30,1,75,30,1,75,30,1,75,30,1,75,30,7,78,0,7,78,0,7,78,0,7,78,0,7,78,0,7,78,0,7,78,0,7,78,0,84,182,0,84,182,0,84,182,0,84,182,0,255,255,255,84,182,0,84,182,0,84,182,0
0,60,237,0,66,216,0,73,199,255,255,255,255,255,255,2,93,149,1,98,133,1,103,120,1,108,106,1,95,79,1,84,56,1,73,37,0,64,23,0,54,13,0,47,6,0,49,2,0,56,0,1,66,0,2,75,0,5,87,0,8,98,0,14,111,0,19,123,0,27,138,0,36,153,0,255,255,255,255,255,255,74,205,0,88,223,0,108,245,0,1,83,176,1,83,176,1,83,176,1,83,176,1,83,176,1,83,176,1,83,176,1,83,176,1,75,42,1,75,42,1,75,42,1,75,42,1,75,42,1,75,42,1,75,42,1,75,42,3,78,0,3,78,0,3,78,0,3,78,0,3,78,0,3,78,0,3,78,0,3,78,0,55,182,0,55,182,0,55,182,0,55,182,0,55,182,0,55,182,0,55,182,0,55,182,0
0,11,237,255,255,255,255,255,255,1,28,182,2,35,164,255,255,255,255,255,255,1,50,120,1,54,108,1,61,95,1,66,84,1,72,73,0,64,51,0,54,31,0,47,18,0,49,11,0,56,6,0,66,3,0,75,1,0,87,0,0,98,0,1,111,0,2,123,0,255,255,255,255,255,255,9,170,0,13,186,0,255,255,255,255,255,255,30,245,0,1,30,176,1,30,176,1,30,176,65,132,221,1,30,176,1,30,176,1,30,176,1,30,176,1,71,75,1,71,75,1,71,75,1,71,75,1,71,75,1,71,75,1,71,75,1,71,75,0,78,1,0,78,1,0,78,1,0,78,1,0,78,1,0,78,1,0,78,1,0,78,1,12,182,0,12,182,0,12,182,0,108,223,40,12,182,0,12,182,0,12,182,0,12,182,0
255,255,255,255,255,255,0,14,199,1,21,182,2,27,164,2,31,149,255,255,255,1,41,120,1,46,108,1,52,95,1,56,84,1,63,73,0,64,59,0,54,37,0,47,22,0,49,14,0,56,9,0,66,5,0,75,3,0,87,1,0,98,0,0,111,0,1,123,0,255,255,255,3,153,0,5,170,0,8,186,0,11,205,0,255,255,255,255,255,252,1,22,176,1,22,176,1,22,176,1,22,176,1,22,176,1,22,176,1,22,176,1,22,176,1,62,75,1,62,75,1,62,75,1,62,75,1,62,75,1,62,75,1,62,75,1,62,75,0,78,2,0,78,2,0,78,2,0,78,2,0,78,2,0,78,2,0,78,2,0,78,2,7,182,0,7,182,0,7,182,0,7,182,0,7,182,0,7,182,0,7,182,0,7,182,0
255,255,255,0,1,216,0,3,199,1,6,182,2,11,164,2,14,149,1,18,133,255,255,255,1,26,108,1,31,95,1,36,84,1,42,73,0,48,64,0,54,54,0,47,34,0,49,23,0,56,17,0,66,13,0,75,9,0,87,6,0,98,3,0,111,1,255,255,255,0,138,0,0,153,0,0,170,0,0,186,0,1,205,0,2,223,0,255,255,255,1,8,176,1,8,176,1,8,176,1,8,176,1,8,176,255,255,255,1,8,176,1,8,176,1,41,75,1,41,75,1,41,75,1,41,75,1,40,75,1,40,75,1,40,75,1,40,75,0,78,8,0,78,8,0,78,8,0,78,8,0,78,8,0,78,8,0,78,8,0,78,8,0,182,0,0,182,0,0,182,0,0,182,0,0,182,0,255,255,255,0,182,0,0,182,0
1,0,237,1,0,216,1,0,199,1,1,182,2,3,164,2,5,149,1,6,133,1,9,120,255,255,255,1,16,95,1,20,84,1,25,73,0,31,64,0,37,54,0,44,47,0,49,37,0,56,30,0,66,25,0,75,19,0,87,15,0,98,11,255,255,255,0,123,6,0,138,4,0,153,2,0,170,1,0,186,0,0,205,0,0,223,0,0,245,0,1,1,176,1,1,176,255,255,255,1,1,176,1,1,176,255,255,255,1,1,176,1,1,176,1,24,75,1,24,75,1,24,75,1,24,75,1,23,75,1,23,75,1,23,75,1,23,75,0,78,18,0,78,18,0,78,18,0,78,18,0,78,18,0,78,18,0,78,18,0,78,18,0,182,0,0,182,0,255,255,255,0,182,0,0,182,0,255,255,255,0,182,0,0,182,0
13,0,237,11,0,216,10,0,199,9,1,182,7,2,164,4,2,149,2,1,133,1,2,120,1,4,108,255,255,255,1,10,84,1,14,73,0,18,64,0,23,54,0,29,47,0,44,49,0,56,47,0,66,41,0,75,36,0,87,30,255,255,255,0,111,21,0,123,17,0,138,14,0,153,11,0,170,9,0,186,6,0,205,5,0,223,3,0,245,2,8,1,176,8,1,176,8,1,176,8,1,176,8,1,176,8,1,176,8,1,176,8,1,176,1,13,75,1,13,75,1,13,75,1,13,75,1,12,75,1,12,75,1,12,75,1,12,75,0,78,34,0,78,34,0,78,34,0,78,34,0,78,34,0,78,34,0,78,34,0,78,34,0,182,7,0,182,7,0,182,7,0,182,7,0,182,7,0,182,7,0,182,7,0,182,7
20,0,237,17,0,216,15,0,199,13,1,182,11,2,164,7,2,149,3,1,133,1,1,120,1,2,108,255,255,255,99,123,223,1,10,73,0,14,64,0,19,54,0,25,47,0,38,49,0,56,53,0,66,48,0,75,42,91,226,174,255,255,255,0,111,27,0,123,23,0,138,20,0,153,16,0,170,14,0,186,11,0,205,9,0,223,7,0,245,5,12,1,176,12,1,176,12,1,176,12,1,176,12,1,176,12,1,176,12,1,176,12,1,176,1,10,75,1,10,75,1,10,75,1,10,75,1,9,75,1,9,75,1,9,75,1,9,75,0,78,41,0,78,41,0,78,41,0,78,41,0,78,42,0,78,42,0,78,42,0,78,42,0,182,11,0,182,11,0,182,12,0,182,12,0,182,12,0,182,12,0,182,12,0,182,12
84,0,237,72,0,216,62,0,199,52,1,182,42,2,164,31,2,149,21,1,133,14,1,120,8,1,108,4,1,95,1,1,84,255,255,255,0,3,64,0,6,54,0,10,47,0,17,49,0,29,56,0,46,66,255,255,255,0,87,82,0,98,78,0,111,73,0,123,69,0,138,66,0,153,62,0,170,57,0,186,53,0,205,51,0,223,48,0,245,44,49,1,176,255,255,255,49,1,176,49,1,176,49,1,176,49,1,176,255,255,255,49,1,176,1,1,75,1,1,75,1,1,75,1,1,75,1,1,75,1,1,75,1,1,75,1,1,75,0,73,78,0,73,78,0,72,78,0,72,78,0,72,78,0,72,78,0,72,78,0,72,78,0,182,54,255,255,255,0,182,55,0,182,55,0,182,55,0,182,55,255,255,255,0,182,55
105,0,237,89,0,216,75,0,199,64,1,182,52,2,164,38,2,149,27,1,133,18,1,120,11,1,108,6,1,95,3,1,84,255,255,255,255,255,255,0,4,54,0,8,47,0,14,49,0,24,56,255,255,255,255,255,255,0,80,87,0,98,89,0,111,85,0,123,82,0,138,79,0,153,74,0,170,72,0,186,67,0,205,65,0,223,62,0,245,59,60,1,176,60,1,176,60,1,176,60,1,176,60,1,176,60,1,176,60,1,176,60,1,176,1,1,75,1,1,75,1,1,75,1,1,75,255,255,255,1,1,75,1,1,75,1,1,75,0,63,78,0,63,78,0,63,78,0,63,78,255,255,255,0,63,78,0,63,78,0,63,78,0,182,68,0,182,68,0,182,68,0,182,68,0,182,69,0,182,69,0,182,69,0,182,69
153,0,237,130,0,216,109,0,199,92,1,182,74,2,164,57,2,149,42,1,133,29,1,120,19,1,108,12,1,95,6,1,84,2,1,73,255,255,255,0,2,54,0,4,47,0,9,49,0,16,56,255,255,255,0,41,75,0,60,87,0,79,98,0,106,111,0,123,112,0,138,111,0,153,106,0,170,105,0,186,102,0,205,100,0,223,98,0,245,95,85,1,176,85,1,176,85,1,176,85,1,176,85,1,176,85,1,176,85,1,176,85,1,176,3,1,75,3,1,75,3,1,75,255,255,255,255,255,255,3,1,75,3,1,75,3,1,75,0,46,78,0,46,78,0,46,78,255,255,255,255,255,255,0,46,78,0,46,78,0,46,78,0,182,102,0,182,102,0,182,102,0,182,102,0,182,103,0,182,103,0,182,103,0,182,103
237,0,170,216,0,172,199,0,174,182,1,176,151,2,164,120,2,149,93,1,133,71,1,120,52,1,108,36,1,95,23,1,84,14,1,73,7,0,64,3,0,54,255,255,255,255,255,255,0,4,56,0,9,66,0,14,75,0,24,87,0,34,98,0,48,111,0,63,123,0,82,138,0,103,153,0,128,170,0,155,186,0,188,205,0,219,223,0,245,228,255,255,255,176,1,176,176,1,176,176,1,176,176,1,176,176,1,176,176,1,176,255,255,255,255,255,255,16,1,75,16,1,75,16,1,75,16,1,75,16,1,75,16,1,75,255,255,255,255,255,255,0,17,78,0,17,78,0,17,78,0,17,78,0,17,78,0,17,78,255,255,255,255,255,255,0,147,182,0,147,182,0,147,182,0,147,182,0,147,182,0,147,182,255,255,255
237,0,120,216,0,123,199,0,130,182,1,135,164,2,138,149,2,144,122,1,133,93,1,120,69,1,108,50,1,95,34,1,84,21,1,73,12,0,64,6,0,54,255,255,255,255,255,255,0,2,56,0,5,66,0,8,75,0,14,87,0,22,98,0,32,111,0,42,123,0,56,138,0,72,153,0,92,170,0,112,186,0,137,205,0,160,223,0,194,245,176,1,135,176,1,135,176,1,135,176,1,135,176,1,135,176,1,135,176,1,135,176,1,135,255,255,255,24,1,75,255,255,255,24,1,75,24,1,75,255,255,255,24,1,75,255,255,255,255,255,255,0,10,78,255,255,255,0,10,78,0,10,78,255,255,255,0,10,78,255,255,255,0,106,182,0,106,182,0,106,182,0,106,182,0,106,182,0,106,182,0,106,182,0,106,182
237,0,79,216,0,85,199,0,92,182,1,99,164,2,106,149,2,111,133,1,114,120,1,120,92,1,108,67,1,95,47,1,84,31,1,73,19,0,64,10,0,54,4,0,47,1,0,49,0,0,56,0,2,66,0,4,75,0,8,87,0,12,98,0,19,111,0,27,123,0,37,138,0,48,153,0,62,170,0,77,186,0,95,205,0,112,223,0,137,245,176,1,100,176,1,100,176,1,100,176,1,100,176,1,100,176,1,100,176,1,100,176,1,100,34,1,75,34,1,75,255,255,255,34,1,75,34,1,75,255,255,255,34,1,75,34,1,75,0,5,78,0,5,78,255,255,255,0,5,78,0,5,78,255,255,255,0,5,78,0,5,78,0,73,182,0,73,182,0,73,182,0,73,182,0,73,182,0,73,182,0,73,182,0,73,182
237,0,36,216,0,42,199,0,50,182,1,57,164,2,66,149,2,71,133,1,75,120,1,80,108,1,87,95,1,92,72,1,84,49,1,73,32,0,64,18,0,54,10,0,47,5,0,49,2,0,56,0,0,66,0,0,75,0,2,87,0,3,98,0,7,111,0,10,123,0,15,138,0,22,153,0,29,170,0,37,186,0,48,205,0,59,223,0,73,245,176,1,60,176,1,60,176,1,60,176,1,60,176,1,60,176,1,60,176,1,60,176,1,60,54,1,75,54,1,75,54,1,75,54,1,75,54,1,75,54,1,75,54,1,75,54,1,75,0,1,78,0,1,78,0,1,78,0,1,78,0,1,78,0,1,78,0,1,78,0,1,78,0,35,182,0,35,182,0,35,182,0,35,182,0,35,182,0,35,182,0,35,182,0,35,182
237,0,17,216,0,23,199,0,29,182,1,37,164,2,44,149,2,50,133,1,53,120,1,60,108,1,65,95,1,71,84,1,75,65,1,73,44,0,64,27,0,54,15,0,47,8,0,49,4,0,56,2,0,66,0,0,75,0,0,87,0,1,98,0,2,111,0,4,123,0,7,138,0,10,153,0,15,170,0,20,186,0,27,205,0,33,223,0,42,245,176,1,38,176,1,38,176,1,38,176,1,38,176,1,38,176,1,38,176,1,38,176,1,38,72,1,75,72,1,75,72,1,75,72,1,75,72,1,75,72,1,75,72,1,75,72,1,75,0,0,78,0,0,78,0,0,78,0,0,78,0,0,78,0,0,78,0,0,78,0,0,78,0,18,182,0,18,182,0,18,182,0,18,182,0,18,182,0,18,182,0,18,182,0,18,182
237,0,3,216,0,6,199,0,10,182,1,16,164,2,23,149,2,27,133,1,31,120,1,36,108,1,40,95,1,46,84,1,52,73,1,57,64,0,64,41,0,54,25,0,47,16,0,49,10,0,56,7,0,66,4,0,75,2,0,87,0,0,98,0,0,111,0,0,123,0,1,138,0,2,153,0,3,170,0,5,186,0,8,205,0,10,223,0,15,245,176,1,18,176,1,18,176,1,18,176,1,18,176,1,18,176,1,18,176,1,18,176,1,18,75,1,56,255,255,255,75,1,55,75,1,55,75,1,55,75,1,55,255,255,255,75,1,55,3,0,78,255,255,255,3,0,78,3,0,78,3,0,78,3,0,78,255,255,255,3,0,78,0,5,182,0,5,182,0,5,182,0,5,182,0,5,182,0,5,182,0,5,182,0,5,182
237,0,0,216,0,0,199,0,0,182,1,2,164,2,5,149,2,8,133,1,10,120,1,14,108,1,17,95,1,22,84,1,26,73,1,31,64,0,37,54,0,44,43,0,47,31,0,49,25,0,56,19,0,66,14,0,75,10,0,87,7,0,98,5,0,111,3,0,123,1,0,138,0,0,153,0,0,170,0,0,186,0,0,205,0,0,223,0,0,245,255,255,255,176,1,3,176,1,3,176,1,3,176,1,3,176,1,3,176,1,3,255,255,255,75,1,30,75,1,30,75,1,30,75,1,30,75,1,29,75,1,29,75,1,29,75,1,29,13,0,78,13,0,78,13,0,78,13,0,78,14,0,78,14,0,78,14,0,78,14,0,78,255,255,255,0,0,182,0,0,182,0,0,182,0,0,182,0,0,182,0,0,182,255,255,255
237,3,0,216,3,0,199,3,0,182,2,1,164,2,2,149,2,3,133,1,5,120,1,7,108,1,10,95,1,13,84,1,17,73,1,22,64,0,27,54,0,33,47,0,39,42,0,49,34,0,56,29,0,66,23,0,75,18,0,87,14,0,98,11,0,111,8,0,123,6,0,138,4,0,153,2,0,170,1,0,186,0,0,205,0,0,223,0,0,245,176,2,1,176,2,1,176,2,1,176,2,1,176,2,1,176,2,1,176,2,1,255,245,240,75,1,21,75,1,21,75,1,21,75,1,21,75,1,20,75,1,20,75,1,20,178,52,105,22,0,78,22,0,78,22,0,78,22,0,78,22,0,78,22,0,78,22,0,78,105,42,180,1,0,182,1,0,182,1,0,182,1,0,182,1,0,182,1,0,182,1,0,182,242,228,255
237,7,0,216,6,0,199,6,0,182,5,1,164,4,2,149,2,2,133,1,2,120,1,4,108,1,7,95,1,10,84,1,13,73,1,17,64,0,22,54,0,28,47,0,34,47,0,49,40,0,56,34,0,66,29,0,75,23,0,87,19,0,98,15,0,111,12,0,123,9,0,138,7,0,153,5,0,170,3,0,186,2,0,205,1,0,223,0,0,245,176,5,1,176,5,1,176,5,1,176,5,1,176,5,1,176,5,1,176,5,1,176,5,1,255,255,255,75,1,16,75,1,16,75,1,16,75,1,16,75,1,16,75,1,16,255,255,255,255,255,255,27,0,78,27,0,78,27,0,78,28,0,78,28,0,78,28,0,78,255,255,255,3,0,182,3,0,182,4,0,182,4,0,182,4,0,182,4,0,182,4,0,182,4,0,182
237,49,0,216,42,0,199,36,0,182,31,1,164,25,2,149,17,2,133,11,1,120,6,1,108,3,1,95,1,1,84,1,2,73,1,4,64,0,7,54,0,11,47,0,15,49,0,25,56,0,41,66,0,63,65,0,75,59,0,87,54,0,98,49,0,111,45,0,123,42,0,138,37,0,153,34,0,170,29,0,186,27,0,205,24,0,223,21,0,245,176,29,1,176,29,1,176,29,1,176,29,1,176,29,1,176,29,1,176,29,1,176,29,1,75,1,4,75,1,4,255,255,255,75,1,4,75,1,3,255,255,255,75,1,3,75,1,3,63,0,78,63,0,78,255,255,255,63,0,78,63,0,78,255,255,255,63,0,78,63,0,78,30,0,182,30,0,182,31,0,182,31,0,182,31,0,182,31,0,182,31,0,182,31,0,182
237,65,0,216,55,0,199,47,0,182,40,1,164,33,2,149,23,2,133,15,1,120,10,1,108,5,1,95,2,1,84,1,1,73,1,3,64,0,5,54,0,9,47,0,13,49,0,21,56,0,34,66,0,54,74,0,75,69,0,87,65,0,98,60,0,111,55,0,123,52,0,138,48,0,153,44,0,170,40,0,186,37,0,205,34,0,223,31,0,245,176,37,1,255,250,240,176,37,1,176,37,1,176,37,1,176,37,1,176,37,1,176,37,1,75,1,2,75,1,2,192,85,95,75,1,2,75,1,2,255,255,255,75,1,2,75,1,2,73,0,78,73,0,78,192,79,194,73,0,78,73,0,78,255,255,255,73,0,78,73,0,78,41,0,182,247,233,255,42,0,182,42,0,182,42,0,182,42,0,182,42,0,182,42,0,182
237,122,0,216,105,0,199,88,0,182,74,1,164,61,2,149,45,2,133,32,1,120,22,1,108,14,1,95,8,1,84,4,1,73,1,1,64,0,1,54,0,3,47,0,6,49,0,12,56,0,21,66,0,34,75,0,50,87,0,72,98,0,95,96,0,111,93,0,123,91,0,138,87,0,153,84,0,170,80,0,186,78,0,205,75,0,223,72,0,245,176,69,1,255,255,255,176,69,1,176,69,1,176,69,1,176,69,1,255,255,255,176,69,1,75,2,1,75,2,1,75,2,1,75,2,1,75,2,1,75,2,1,75,2,1,75,2,1,78,0,55,78,0,55,78,0,55,78,0,55,78,0,55,78,0,55,78,0,55,78,0,55,80,0,182,255,255,255,80,0,182,80,0,182,82,0,182,82,0,182,255,255,255,82,0,182
237,172,0,216,145,0,199,123,0,182,103,1,164,84,2,149,65,2,133,48,1,120,34,1,108,23,1,95,14,1,84,8,1,73,4,1,64,1,0,54,0,1,47,0,3,49,0,8,56,0,14,66,0,24,75,0,36,87,0,53,98,0,72,111,0,96,123,0,123,123,0,138,120,0,153,119,0,170,115,0,186,114,0,205,112,0,223,109,0,245,176,96,1,176,96,1,176,96,1,176,96,1,176,96,1,176,96,1,176,96,1,176,96,1,75,5,1,75,5,1,75,5,1,75,5,1,75,5,1,75,5,1,75,5,1,75,5,1,78,0,41,78,0,41,78,0,41,78,0,41,78,0,41,78,0,41,78,0,41,78,0,41,115,0,182,115,0,182,117,0,182,117,0,182,117,0,182,117,0,182,117,0,182,117,0,182
176,237,0,178,216,0,180,199,0,182,182,1,164,147,2,149,117,2,133,91,1,120,68,1,108,50,1,95,34,1,84,22,1,73,13,1,64,7,0,255,255,255,255,255,255,255,255,255,255,255,255,66,0,10,75,0,15,87,0,25,98,0,35,111,0,51,123,0,65,138,0,85,153,0,106,170,0,133,186,0,160,205,0,194,221,0,223,221,0,245,176,170,1,176,170,1,176,170,1,176,170,1,176,170,1,176,170,1,176,170,1,176,170,1,75,15,1,75,15,1,75,15,1,255,255,255,255,255,255,75,15,1,75,15,1,75,15,1,78,0,18,78,0,18,78,0,18,255,255,255,255,255,255,78,0,18,78,0,18,78,0,18,182,0,153,182,0,153,182,0,153,182,0,153,182,0,153,182,0,153,182,0,153,182,0,153
147,237,0,149,216,0,155,199,0,158,182,1,160,164,2,149,135,2,133,105,1,120,80,1,108,60,1,95,42,1,84,28,1,73,17,1,64,9,0,255,255,255,255,255,255,255,255,255,255,255,255,66,0,7,75,0,11,87,0,19,98,0,28,111,0,41,123,0,53,138,0,71,153,0,89,170,0,112,186,0,135,205,0,164,223,0,192,245,0,230,158,176,1,158,176,1,158,176,1,158,176,1,158,176,1,158,176,1,158,176,1,158,176,1,75,19,1,75,19,1,75,19,1,255,255,255,255,255,255,75,19,1,75,19,1,75,19,1,78,0,14,78,0,14,78,0,14,255,255,255,255,255,255,78,0,14,78,0,14,78,0,14,182,0,128,182,0,128,182,0,128,182,0,128,182,0,128,182,0,128,182,0,128,182,0,128
52,237,0,57,216,0,65,199,0,73,182,1,80,164,2,85,149,2,89,133,1,96,120,1,100,108,1,95,84,1,255,255,255,255,255,255,64,26,0,54,14,0,47,7,0,49,3,0,56,1,0,66,0,0,255,255,255,255,255,255,98,0,6,111,0,11,123,0,16,138,0,23,153,0,31,170,0,41,186,0,52,205,0,65,223,0,78,245,0,96,75,176,1,75,176,1,255,255,192,75,176,1,75,176,1,255,255,255,75,176,1,75,176,1,75,46,1,75,46,1,75,46,1,75,46,1,75,46,1,75,46,1,75,46,1,75,46,1,78,0,2,78,0,2,78,0,2,78,0,2,78,0,2,78,0,2,78,0,2,78,0,2,182,0,49,182,0,49,255,180,255,182,0,49,182,0,49,255,255,255,182,0,49,182,0,49
38,237,0,45,216,0,52,199,0,61,182,1,68,164,2,73,149,2,78,133,1,83,120,1,89,108,1,93,95,1,255,255,255,255,255,255,64,31,0,54,18,0,47,9,0,49,4,0,56,1,0,66,0,0,255,255,255,255,255,255,98,0,4,111,0,8,123,0,11,138,0,17,153,0,23,170,0,31,186,0,40,205,0,51,223,0,62,245,0,77,63,176,1,63,176,1,63,176,1,63,176,1,63,176,1,91,192,6,63,176,1,63,176,1,75,52,1,75,52,1,75,52,1,75,52,1,75,52,1,75,52,1,75,53,1,75,53,1,78,0,1,78,0,1,78,0,1,78,0,1,78,0,1,78,0,1,78,0,1,78,0,1,182,0,37,182,0,37,182,0,37,182,0,37,182,0,37,194,1,62,182,0,37,182,0,37
4,237,0,255,255,255,11,199,0,17,182,1,24,164,2,28,149,2,32,133,1,255,255,255,255,255,255,47,95,1,52,84,1,59,73,1,64,63,0,54,40,0,47,24,0,49,15,0,56,10,0,66,6,0,75,3,0,87,1,0,98,0,0,255,255,255,255,255,255,138,0,1,153,0,2,170,0,4,186,0,6,205,0,9,255,255,255,245,0,16,19,176,1,19,176,1,19,176,1,19,176,1,19,176,1,19,176,1,19,176,1,19,176,1,57,75,1,57,75,1,57,75,1,57,75,1,56,75,1,56,75,1,56,75,1,56,75,1,78,3,0,78,3,0,78,3,0,78,3,0,78,3,0,78,3,0,78,3,0,78,3,0,182,0,5,182,0,5,182,0,5,182,0,5,182,0,5,182,0,5,182,0,5,182,0,5
0,237,0,255,255,255,255,255,255,8,182,1,13,164,2,17,149,2,255,255,255,255,255,255,29,108,1,34,95,1,39,84,1,45,73,1,51,64,0,54,52,0,47,32,0,49,22,0,56,16,0,66,11,0,75,8,0,87,5,0,98,2,0,111,1,0,255,255,255,255,255,255,153,0,0,170,0,0,186,0,1,255,255,255,255,255,255,245,0,5,9,176,1,9,176,1,9,176,1,255,255,255,9,176,1,9,176,1,9,176,1,9,176,1,43,75,1,43,75,1,43,75,1,43,75,1,42,75,1,42,75,1,42,75,1,42,75,1,78,7,0,78,7,0,78,7,0,78,7,0,78,7,0,78,7,0,78,7,0,78,7,0,182,0,1,182,0,1,182,0,1,255,255,255,182,0,1,182,0,1,182,0,1,182,0,1
0,237,0,0,216,0,255,255,255,255,255,255,6,164,2,255,255,255,255,255,255,14,120,1,18,108,1,22,95,1,27,84,1,32,73,1,38,64,0,45,54,0,47,42,0,49,30,0,56,23,0,66,18,0,75,14,0,87,10,0,98,7,0,111,4,0,123,2,0,255,255,255,255,255,255,170,0,0,255,255,255,255,255,255,223,0,0,245,0,0,3,176,1,3,176,1,3,176,1,255,255,255,255,255,255,3,176,1,3,176,1,3,176,1,31,75,1,31,75,1,31,75,1,31,75,1,31,75,1,31,75,1,31,75,1,31,75,1,78,13,0,78,13,0,78,13,0,78,13,0,78,13,0,78,13,0,78,13,0,78,13,0,182,0,0,182,0,0,182,0,0,255,255,255,255,255,255,182,0,0,182,0,0,182,0,0
0,237,6,0,216,6,0,199,5,255,255,255,255,255,255,255,255,255,3,133,1,5,120,1,7,108,1,10,95,1,14,84,1,18,73,1,23,64,0,29,54,0,35,47,0,49,46,0,56,39,0,66,33,0,75,28,0,87,23,0,98,18,0,111,14,0,123,11,0,138,9,0,255,255,255,255,255,255,255,255,255,205,1,0,223,1,0,245,0,0,1,176,4,1,176,4,1,176,4,1,176,4,1,176,4,1,176,4,1,176,4,1,176,4,17,75,1,17,75,1,17,75,1,17,75,1,17,75,1,17,75,1,17,75,1,17,75,1,78,26,0,78,26,0,78,26,0,78,26,0,78,27,0,78,27,0,78,27,0,78,27,0,182,3,0,182,3,0,182,3,0,182,3,0,182,3,0,182,3,0,182,3,0,182,3,0
0,237,25,0,216,22,255,255,255,255,255,255,255,255,255,255,255,255,1,133,5,1,120,2,2,108,1,3,95,1,6,84,1,9,73,1,13,64,0,17,54,0,23,47,0,35,49,0,54,56,0,66,52,0,75,47,0,87,41,0,98,37,0,111,31,0,123,27,0,138,24,0,255,255,255,255,255,255,255,255,255,255,255,255,223,9,0,245,7,0,1,176,15,1,176,15,1,176,15,255,255,255,255,255,255,1,176,15,1,176,15,1,176,15,8,75,1,8,75,1,8,75,1,8,75,1,8,75,1,8,75,1,8,75,1,8,75,1,78,45,0,78,45,0,78,45,0,78,45,0,78,45,0,78,45,0,78,45,0,78,45,0,182,14,0,182,14,0,182,15,0,255,255,255,255,255,255,182,15,0,182,15,0,182,15,0
0,237,36,0,216,31,255,255,255,255,255,255,50,205,96,255,255,255,1,133,7,1,120,4,1,108,2,2,95,1,4,84,1,6,73,1,10,64,0,14,54,0,19,47,0,30,49,0,47,56,0,66,61,0,75,55,0,87,50,0,98,45,0,111,40,0,123,36,0,138,32,0,255,255,255,210,100,25,255,255,255,255,255,255,223,16,0,245,13,0,1,176,21,1,176,21,1,176,21,255,255,255,255,255,255,1,176,21,1,176,21,1,176,21,6,75,1,6,75,1,6,75,1,6,75,1,5,75,1,5,75,1,5,75,1,5,75,1,78,53,0,78,53,0,78,53,0,78,53,0,78,53,0,78,53,0,78,53,0,78,53,0,182,22,0,182,22,0,182,22,0,255,255,255,255,255,255,182,22,0,182,22,0,182,22,0
255,255,255,255,255,255,0,199,71,1,182,59,2,164,48,2,149,36,255,255,255,1,120,16,1,108,10,1,95,5,1,84,2,1,73,1,2,64,0,5,54,0,8,47,0,15,49,0,25,56,0,42,66,0,60,75,0,84,87,0,98,85,0,111,80,0,123,78,0,255,255,255,153,69,0,170,67,0,186,63,0,205,60,0,255,255,255,255,255,255,1,176,55,1,176,55,1,176,55,1,176,55,1,176,55,1,176,55,1,176,55,1,176,55,1,75,1,1,75,1,1,75,1,1,75,1,1,75,1,1,75,1,1,75,1,1,75,1,66,78,0,66,78,0,66,78,0,66,78,0,66,78,0,66,78,0,66,78,0,66,78,0,182,63,0,182,63,0,182,64,0,182,64,0,182,64,0,182,64,0,182,64,0,182,64,0
0,237,168,0,216,142,0,199,120,1,182,100,2,164,82,2,149,63,1,133,46,255,255,255,1,108,22,1,95,14,1,84,8,1,73,3,0,64,1,1,54,0,3,47,0,8,49,0,14,56,0,25,66,0,37,75,0,54,87,0,73,98,0,99,111,0,255,255,255,138,120,0,153,117,0,170,115,0,186,112,0,205,111,0,223,109,0,245,106,0,1,176,93,1,176,93,255,255,255,1,176,93,1,176,93,255,255,255,1,176,93,1,176,93,1,75,4,1,75,4,1,75,4,1,75,4,1,75,4,1,75,4,1,75,4,1,75,4,42,78,0,42,78,0,42,78,0,42,78,0,42,78,0,42,78,0,42,78,0,42,78,0,182,112,0,182,112,0,255,255,255,182,114,0,182,114,0,255,255,255,182,114,0,182,114,0
0,237,228,0,216,194,0,199,162,1,182,135,2,164,111,2,149,87,1,133,65,1,120,48,255,255,255,1,95,22,1,84,14,1,73,7,0,64,3,0,54,1,1,47,0,4,49,0,9,56,0,16,66,0,25,75,0,39,87,0,53,98,0,255,255,255,93,123,0,120,138,0,149,153,0,170,156,0,186,156,0,205,156,0,223,156,0,245,155,0,1,176,127,1,176,127,255,255,255,1,176,127,1,176,127,255,255,255,1,176,127,1,176,127,1,75,9,1,75,9,1,75,9,1,75,9,1,75,9,1,75,9,1,75,9,1,75,9,29,78,0,29,78,0,29,78,0,29,78,0,29,78,0,29,78,0,29,78,0,29,78,0,182,155,0,182,155,0,255,255,255,182,155,0,182,156,0,255,255,255,182,156,0,182,156,0
0,153,237,0,155,216,0,158,199,1,162,182,2,164,164,2,149,132,1,133,102,1,120,78,1,108,57,255,255,255,1,84,27,1,73,16,0,64,9,0,54,3,0,47,1,1,49,0,3,56,0,7,66,0,12,75,0,21,87,0,255,255,255,42,111,0,55,123,0,73,138,0,92,153,0,115,170,0,140,186,0,170,205,0,199,223,0,237,245,0,1,162,176,1,162,176,1,162,176,1,162,176,1,162,176,1,162,176,1,162,176,1,162,176,1,75,18,1,75,18,1,75,18,1,75,18,1,75,18,1,75,18,1,75,18,1,75,18,14,78,0,14,78,0,14,78,0,14,78,0,14,78,0,14,78,0,14,78,0,14,78,0,133,182,0,133,182,0,133,182,0,133,182,0,133,182,0,133,182,0,133,182,0,133,182,0
0,105,237,0,109,216,0,115,199,1,122,182,2,127,164,2,132,149,1,133,132,1,120,102,1,108,78,255,255,255,255,255,255,1,73,24,0,64,14,0,54,7,0,47,2,0,49,0,1,56,0,3,66,0,6,75,0,255,255,255,255,255,255,27,111,0,37,123,0,49,138,0,63,153,0,80,170,0,99,186,0,122,205,0,142,223,0,172,245,0,1,123,176,1,123,176,1,123,176,1,123,176,1,123,176,1,123,176,48,184,214,1,123,176,1,75,27,1,75,27,1,75,27,1,75,27,1,75,27,1,75,27,1,75,27,1,75,27,8,78,0,8,78,0,8,78,0,8,78,0,8,78,0,8,78,0,8,78,0,8,78,0,93,182,0,93,182,0,93,182,0,93,182,0,93,182,0,93,182,0,162,216,25,93,182,0
0,68,237,0,74,216,0,82,199,1,89,182,2,96,164,2,100,149,1,105,133,1,111,120,1,108,100,1,95,73,255,255,255,240,255,255,0,64,21,0,54,11,0,47,5,0,49,2,0,56,0,1,66,0,247,255,235,255,255,255,10,98,0,16,111,0,22,123,0,31,138,0,41,153,0,53,170,0,66,186,0,83,205,0,99,223,0,120,245,0,1,91,176,255,255,255,1,91,176,1,91,176,1,91,176,1,91,176,255,255,255,1,91,176,1,75,38,1,75,38,1,75,38,1,75,38,1,75,38,1,75,38,1,75,39,1,75,39,4,78,0,4,78,0,3,78,0,3,78,0,3,78,0,3,78,0,3,78,0,3,78,0,63,182,0,255,255,255,63,182,0,63,182,0,63,182,0,63,182,0,255,255,255,63,182,0
0,40,237,0,47,216,0,53,199,1,62,182,2,69,164,2,75,149,1,79,133,1,85,120,1,91,108,1,95,95,1,84,68,255,255,255,0,64,31,0,54,17,0,47,9,0,49,4,0,56,1,0,66,0,255,255,255,2,87,0,4,98,0,8,111,0,12,123,0,17,138,0,24,153,0,32,170,0,42,186,0,52,205,0,64,223,0,79,245,0,1,64,176,255,255,255,1,64,176,1,64,176,1,64,176,1,64,176,255,255,255,1,64,176,1,75,52,1,75,52,1,75,52,1,75,52,1,75,52,1,75,52,1,75,52,1,75,52,1,78,0,1,78,0,1,78,0,1,78,0,1,78,0,1,78,0,1,78,0,1,78,0,39,182,0,255,255,255,39,182,0,39,182,0,39,182,0,39,182,0,255,255,255,39,182,0
0,4,237,0,8,216,0,12,199,1,18,182,2,25,164,2,29,149,1,33,133,1,38,120,1,43,108,1,49,95,1,54,84,1,61,73,13,137,132,255,255,255,0,47,23,0,49,14,255,255,255,10,140,31,0,75,3,0,87,1,0,98,0,0,111,0,0,123,0,1,138,0,2,153,0,4,170,0,6,186,0,10,205,0,13,223,0,17,245,0,111,164,240,1,20,176,1,20,176,1,20,176,1,20,176,1,20,176,1,20,176,255,255,255,1,60,75,1,60,75,1,60,75,255,255,255,64,156,170,1,59,75,1,59,75,1,59,75,0,78,2,0,78,2,0,78,2,255,255,255,55,172,82,0,78,2,0,78,2,0,78,2,144,242,91,6,182,0,6,182,0,6,182,0,6,182,0,6,182,0,6,182,0,255,255,255
0,0,237,0,2,216,0,4,199,1,9,182,2,14,164,2,17,149,1,21,133,1,25,120,1,29,108,1,34,95,1,40,84,1,46,73,0,52,64,255,255,255,255,255,255,255,255,255,255,255,255,0,66,11,0,75,7,0,87,4,0,98,2,0,111,1,0,123,0,0,138,0,0,153,0,0,170,0,1,186,0,2,205,0,4,223,0,6,245,0,255,255,255,1,10,176,1,10,176,1,10,176,1,10,176,1,10,176,1,10,176,255,255,255,255,255,255,1,44,75,1,44,75,1,44,75,1,44,75,1,44,75,1,44,75,2,54,91,255,255,255,0,78,6,0,78,6,0,78,6,0,78,6,0,78,6,0,78,6,1,93,10,255,255,255,1,182,0,1,182,0,1,182,0,1,182,0,1,182,0,1,182,0,255,255,255
0,0,237,0,0,216,0,2,199,1,5,182,2,10,164,2,13,149,1,16,133,1,19,120,1,23,108,1,29,95,1,34,84,1,39,73,0,45,64,0,52,54,255,255,255,255,255,255,0,56,19,0,66,14,0,75,10,0,87,6,0,98,4,0,111,2,0,123,1,0,138,0,0,153,0,0,170,0,0,186,0,1,205,0,1,223,0,3,245,0,255,255,255,1,6,176,1,6,176,1,6,176,1,6,176,1,6,176,1,6,176,255,255,255,255,255,255,1,38,75,1,38,75,1,38,75,1,37,75,1,37,75,1,37,75,255,255,255,255,255,255,0,78,9,0,78,9,0,78,9,0,78,9,0,78,9,0,78,9,255,255,255,255,255,255,0,182,0,0,182,0,0,182,0,0,182,0,0,182,0,0,182,0,255,255,255
10,0,237,9,0,216,8,0,199,7,1,182,6,2,164,3,2,149,1,2,133,1,3,120,1,5,108,1,8,95,1,11,84,1,15,73,0,20,64,0,26,54,0,31,47,0,47,49,0,56,43,0,66,37,0,75,32,0,87,27,0,98,22,0,111,18,0,123,15,0,138,12,0,153,9,0,170,7,0,186,5,0,205,3,0,223,2,0,245,1,6,1,176,6,1,176,6,1,176,6,1,176,6,1,176,6,1,176,6,1,176,6,1,176,1,14,75,1,14,75,255,255,255,1,14,75,1,14,75,255,255,255,1,14,75,1,14,75,0,78,31,0,78,31,255,255,255,0,78,31,0,78,31,255,255,255,0,78,31,0,78,31,0,182,5,0,182,5,0,182,5,0,182,5,0,182,5,0,182,5,0,182,5,0,182,5
16,0,237,14,0,216,12,0,199,10,1,182,9,2,164,5,2,149,2,1,133,1,2,120,1,3,108,1,6,95,1,8,84,1,12,73,0,16,64,0,22,54,0,27,47,0,42,49,0,56,50,0,66,44,0,75,38,0,87,33,0,98,29,0,111,23,0,123,20,0,138,17,0,153,13,0,170,11,0,186,8,0,205,6,0,223,5,0,245,3,10,1,176,10,1,176,10,1,176,10,1,176,10,1,176,10,1,176,10,1,176,10,1,176,1,11,75,1,11,75,41,74,170,1,11,75,1,11,75,1,11,75,1,11,75,1,11,75,0,78,37,0,78,37,34,172,119,0,78,37,0,78,37,0,78,37,0,78,37,0,78,37,0,182,9,0,182,9,0,182,9,0,182,9,0,182,9,0,182,9,0,182,9,0,182,9
45,0,237,38,0,216,33,0,199,28,1,182,23,2,164,16,2,149,10,1,133,6,1,120,2,1,108,1,1,95,1,2,84,1,5,73,0,8,64,0,12,54,0,16,47,0,27,49,0,42,56,0,65,66,0,75,62,0,87,55,0,98,52,0,111,46,0,123,42,0,138,38,0,153,34,0,170,31,0,186,27,0,205,24,0,223,21,0,245,18,26,1,176,26,1,176,26,1,176,26,1,176,26,1,176,26,1,176,26,1,176,26,1,176,1,4,75,1,4,75,1,4,75,1,4,75,1,4,75,1,4,75,1,4,75,1,4,75,0,78,60,0,78,60,0,78,60,0,78,60,0,78,60,0,78,60,0,78,61,0,78,61,0,182,27,0,182,27,0,182,28,0,182,28,0,182,28,0,182,28,0,182,28,0,182,28
95,0,237,80,0,216,68,0,199,57,1,182,47,2,164,34,2,149,24,1,133,16,1,120,10,1,108,5,1,95,2,1,84,1,1,73,0,2,64,0,5,54,0,9,47,0,15,49,0,26,56,0,42,66,0,61,75,0,87,87,0,98,84,0,111,79,0,123,75,0,138,72,0,153,68,0,170,65,0,186,61,0,205,57,0,223,55,0,245,52,53,1,176,53,1,176,53,1,176,53,1,176,53,1,176,53,1,176,53,1,176,53,1,176,1,1,75,255,255,255,1,1,75,1,1,75,1,1,75,1,1,75,255,255,255,1,1,75,0,67,78,255,255,255,0,67,78,0,67,78,0,67,78,0,67,78,255,255,255,0,67,78,0,182,62,0,182,62,0,182,62,0,182,62,0,182,63,0,182,63,0,182,63,0,182,63
140,0,237,119,0,216,100,0,199,84,1,182,68,2,164,52,2,149,37,1,133,27,1,120,17,1,108,10,1,95,5,1,84,2,1,73,0,1,64,0,2,54,0,5,47,0,10,49,0,18,56,0,30,66,0,44,75,0,65,87,0,85,98,0,111,106,0,123,105,0,138,102,0,153,99,0,170,96,0,186,92,0,205,91,0,223,88,0,245,85,255,255,255,79,1,176,79,1,176,79,1,176,79,1,176,79,1,176,79,1,176,79,1,176,3,1,75,255,255,255,3,1,75,3,1,75,3,1,75,3,1,75,255,255,255,3,1,75,0,50,78,255,255,255,0,50,78,0,50,78,0,50,78,0,50,78,255,255,255,0,50,78,255,255,255,0,182,92,0,182,93,0,182,93,0,182,93,0,182,93,0,182,93,0,182,93
192,0,237,164,0,216,138,0,199,115,1,182,93,2,164,73,2,149,53,1,133,39,1,120,27,1,108,17,1,95,10,1,84,5,1,73,2,0,64,0,1,54,0,2,47,0,6,49,0,11,56,0,21,66,0,31,75,0,48,87,0,64,98,0,87,111,0,111,123,0,138,137,0,153,133,0,170,133,0,186,130,0,205,130,0,223,128,0,245,127,255,255,255,108,1,176,108,1,176,108,1,176,108,1,176,108,1,176,108,1,176,255,255,255,6,1,75,6,1,75,6,1,75,6,1,75,6,1,75,6,1,75,6,1,75,6,1,75,0,36,78,0,36,78,0,36,78,0,36,78,0,36,78,0,36,78,0,36,78,0,36,78,255,255,255,0,182,130,0,182,130,0,182,130,0,182,132,0,182,132,0,182,132,255,255,255
237,0,133,216,0,137,199,0,142,182,1,145,164,2,149,145,2,149,112,1,133,87,1,120,65,1,108,45,1,95,31,1,84,19,1,73,10,0,64,5,0,54,1,0,47,0,0,49,0,2,56,0,6,66,0,10,75,0,17,87,0,25,98,0,36,111,0,48,123,0,64,138,0,80,153,0,102,170,0,123,186,0,151,205,0,176,223,0,212,245,176,1,147,176,1,147,176,1,147,176,1,147,176,1,147,176,1,147,176,1,147,176,1,147,255,255,255,22,1,75,34,3,99,22,1,75,22,1,75,22,1,75,22,1,75,255,255,255,255,255,255,0,12,78,1,20,102,0,12,78,0,12,78,0,12,78,0,12,78,255,255,255,0,117,182,0,117,182,0,117,182,0,117,182,0,117,182,0,117,182,0,117,182,0,117,182
237,0,109,216,0,114,199,0,119,182,1,125,164,2,130,149,2,135,128,1,133,100,1,120,75,1,108,53,1,95,37,1,84,23,1,73,14,0,64,6,0,54,2,0,47,0,0,49,0,1,56,0,4,66,0,7,75,0,13,87,0,19,98,0,29,111,0,38,123,0,52,138,0,66,153,0,83,170,0,102,186,0,125,205,0,147,223,0,178,245,176,1,127,176,1,127,176,1,127,176,1,127,176,1,127,176,1,127,176,1,127,176,1,127,255,255,255,27,1,75,255,255,255,27,1,75,27,1,75,212,164,237,27,1,75,255,255,255,255,255,255,0,9,78,255,255,255,0,9,78,0,9,78,156,197,240,0,9,78,255,255,255,0,98,182,0,98,182,0,98,182,0,98,182,0,98,182,0,98,182,0,98,182,0,98,182
237,0,56,216,0,63,199,0,69,182,1,78,164,2,85,149,2,91,133,1,95,120,1,100,108,1,105,80,1,95,59,1,84,38,1,73,25,0,64,14,0,54,6,0,47,2,0,49,0,0,56,0,0,66,0,2,75,0,4,87,0,7,98,0,13,111,0,18,123,0,25,138,0,34,153,0,44,170,0,56,186,0,71,205,0,84,223,0,103,245,176,1,80,255,240,252,176,1,80,176,1,80,176,1,80,176,1,80,176,1,80,176,1,80,43,1,75,43,1,75,174,85,192,43,1,75,43,1,75,255,255,255,43,1,75,43,1,75,0,2,78,0,2,78,79,98,194,0,2,78,0,2,78,255,255,255,0,2,78,0,2,78,0,52,182,233,250,255,0,52,182,0,52,182,0,52,182,0,52,182,0,52,182,0,52,182
237,0,31,216,0,38,199,0,45,182,1,53,164,2,61,149,2,66,133,1,71,120,1,77,108,1,82,95,1,87,75,1,84,52,1,73,34,0,64,20,0,54,10,0,47,5,0,49,2,0,56,0,0,66,0,0,75,0,1,87,0,3,98,0,6,111,0,9,123,0,14,138,0,19,153,0,26,170,0,34,186,0,43,205,0,52,223,0,66,245,176,1,55,255,255,255,176,1,55,176,1,55,176,1,55,176,1,55,255,255,255,176,1,55,57,1,75,57,1,75,57,1,75,57,1,75,57,1,75,57,1,75,57,1,75,57,1,75,0,0,78,0,0,78,0,0,78,0,0,78,0,0,78,0,0,78,0,0,78,0,0,78,0,31,182,255,255,255,0,31,182,0,31,182,0,31,182,0,31,182,255,255,255,0,31,182
237,0,5,216,0,9,199,0,13,182,1,19,164,2,26,149,2,31,133,1,34,120,1,39,108,1,44,95,1,50,84,1,55,73,1,62,60,0,64,38,0,54,22,0,47,14,0,49,9,0,56,6,0,66,3,0,75,1,0,87,0,0,98,0,0,111,0,0,123,0,1,138,0,3,153,0,5,170,0,7,186,0,10,205,0,14,223,0,19,245,176,1,21,176,1,21,176,1,21,176,1,21,176,1,21,176,1,21,176,1,21,176,1,21,75,1,61,75,1,61,75,1,60,75,1,60,75,1,60,75,1,60,75,1,60,75,1,60,2,0,78,2,0,78,2,0,78,2,0,78,2,0,78,2,0,78,2,0,78,2,0,78,0,6,182,0,6,182,0,6,182,0,6,182,0,6,182,0,6,182,0,6,182,0,6,182
237,0,0,216,0,2,199,0,5,182,1,9,164,2,15,149,2,18,133,1,22,120,1,26,108,1,31,95,1,36,84,1,41,73,1,47,64,0,53,50,0,54,255,255,255,255,255,255,14,0,56,10,0,66,7,0,75,4,0,87,2,0,98,1,0,111,0,0,123,0,0,138,0,0,153,0,1,170,0,2,186,0,3,205,0,4,223,0,7,245,176,1,11,176,1,11,176,1,11,176,1,11,176,1,11,176,1,11,176,1,11,176,1,11,75,1,46,75,1,46,75,1,46,255,255,255,75,1,45,75,1,45,75,1,45,75,1,45,6,0,78,6,0,78,6,0,78,255,255,255,6,0,78,6,0,78,6,0,78,6,0,78,0,1,182,0,1,182,0,1,182,0,1,182,0,1,182,0,1,182,0,1,182,0,1,182
