0,0,0,255,255,255,255,255,255,0,0,0,255,255,255,0,0,0,0,0,0,255,0,0,255,0,0,255,0,0,255,0,0,255,0,0,255,0,0,255,17,17,255,255,255,255,0,0,255,255,255,255,0,0,255,0,0,255,0,0,255,0,0,255,0,0,255,0,0,0,0,0,0,0,0,255,255,255,0,0,0,0,0,0,255,255,255,0,0
255,0,0,255,255,255,255,255,255,0,0,0,255,255,255,255,0,0,255,0,0,255,0,0,255,0,0,255,0,0,255,0,0,255,0,0,255,0,0,255,0,0,255,255,255,255,255,255,255,0,0,255,0,0,255,0,0,255,0,0,255,0,0,255,0,0,255,0,0,255,0,0,255,0,0,255,255,255,0,0,0,255,255,255,255,255,255,255,0
255,0,0,255,0,0,255,255,255,255,255,255,255,0,0,255,255,255,255,0,0,255,0,0,0,0,0,0,0,0,0,0,0,255,0,0,255,0,0,255,0,0,255,0,0,255,255,255,255,0,0,255,0,0,255,0,0,0,0,0,0,0,0,0,0,0,45,0,0,255,0,0,255,255,255,255,0,0,255,0,0,255,255,255,255,0,0,255,0
255,0,0,255,0,0,255,0,0,255,255,255,255,0,0,255,22,22,255,255,255,0,0,0,0,0,0,255,0,0,255,0,0,255,0,0,255,0,0,255,0,0,255,0,0,255,0,0,255,0,0,255,0,0,255,0,0,255,0,0,255,0,0,0,0,0,0,0,0,0,0,0,255,255,255,255,0,0,255,255,255,255,0,0,255,0,0,255,0
255,0,0,0,0,0,0,0,0,255,255,255,255,255,255,255,0,0,255,255,255,0,0,0,255,0,0,255,0,0,255,0,0,255,0,0,255,0,0,255,0,0,255,0,0,255,0,0,255,0,0,255,0,0,255,0,0,255,0,0,255,0,0,255,0,0,0,0,0,255,255,255,255,0,0,255,2,2,255,255,255,0,0,0,0,0,0,255,0
0,0,0,0,0,0,0,0,0,0,0,0,255,255,255,0,0,0,255,0,0,255,255,255,255,0,0,255,0,0,255,0,0,255,0,0,17,0,0,0,0,0,0,0,0,0,0,0,0,0,0,0,0,0,255,0,0,255,0,0,255,0,0,255,0,0,255,0,0,255,255,255,0,0,0,255,255,255,0,0,0,0,0,0,0,0,0,0,0
0,0,0,0,0,0,0,0,0,0,0,0,255,255,255,255,255,255,255,0,0,255,255,255,255,0,0,255,0,0,255,0,0,91,0,0,0,0,0,0,0,0,0,0,0,0,0,0,0,0,0,0,0,0,0,0,0,255,0,0,255,0,0,255,0,0,255,255,255,255,0,0,55,55,55,255,255,255,0,0,0,0,0,0,0,0,0,0,0
0,0,0,0,0,0,0,0,0,0,0,0,255,0,0,255,255,255,255,0,0,255,0,0,255,255,255,255,0,0,255,0,0,255,0,0,255,0,0,255,0,0,255,0,0,255,0,0,255,0,0,255,0,0,255,0,0,255,0,0,255,0,0,255,0,0,255,255,255,255,0,0,255,255,255,255,0,0,0,0,0,0,0,0,0,0,0,0,0
0,0,0,0,0,0,255,0,0,255,0,0,255,0,0,255,0,0,255,255,255,0,0,0,255,255,255,255,36,36,255,0,0,255,0,0,255,0,0,255,0,0,255,0,0,255,0,0,255,0,0,255,0,0,255,0,0,255,0,0,255,0,0,255,255,255,0,0,0,255,255,255,255,151,151,255,0,0,255,0,0,255,0,0,0,0,0,0,0
0,0,0,0,0,0,255,0,0,255,0,0,255,0,0,255,0,0,255,255,255,0,0,0,0,0,0,255,255,255,255,0,0,255,0,0,255,0,0,255,0,0,255,0,0,255,0,0,255,0,0,255,0,0,255,0,0,255,0,0,255,0,0,255,255,255,0,0,0,255,255,255,255,0,0,255,0,0,255,0,0,255,0,0,255,0,0,0,0
255,0,0,255,0,0,255,0,0,255,0,0,255,0,0,255,0,0,255,0,0,255,255,255,255,0,0,255,255,255,255,0,0,0,0,0,0,0,0,0,0,0,0,0,0,0,0,0,0,0,0,0,0,0,0,0,0,34,0,0,255,255,255,255,0,0,255,255,255,255,255,255,255,0,0,0,0,0,255,0,0,255,0,0,255,0,0,255,0
255,0,0,255,0,0,255,0,0,255,0,0,255,0,0,255,0,0,255,0,0,255,255,255,255,0,0,0,0,0,255,255,255,0,0,0,0,0,0,0,0,0,0,0,0,0,0,0,0,0,0,0,0,0,0,0,0,0,0,0,255,255,255,255,0,0,255,255,255,255,0,0,255,0,0,255,0,0,1,0,0,255,0,0,255,0,0,255,0
255,0,0,255,0,0,255,0,0,255,0,0,255,0,0,255,0,0,0,0,0,0,0,0,255,255,255,0,0,0,255,255,255,0,0,0,0,0,0,0,0,0,0,0,0,0,0,0,0,0,0,0,0,0,0,0,0,255,255,255,0,0,0,255,255,255,255,255,255,0,0,0,255,0,0,255,0,0,255,0,0,255,0,0,255,0,0,255,0
255,0,0,255,0,0,255,0,0,255,0,0,255,0,0,0,0,0,0,0,0,0,0,0,255,255,255,5,5,5,0,0,0,255,255,255,0,0,0,0,0,0,0,0,0,0,0,0,0,0,0,0,0,0,24,24,24,255,255,255,0,0,0,255,255,255,0,0,0,0,0,0,0,0,0,255,0,0,255,0,0,255,0,0,255,0,0,255,0
255,0,0,0,0,0,0,0,0,0,0,0,255,0,0,255,0,0,255,0,0,0,0,0,0,0,0,255,255,255,0,0,0,255,255,255,0,0,0,0,0,0,0,0,0,0,0,0,0,0,0,0,0,0,255,255,255,0,0,0,255,255,255,255,255,255,0,0,0,255,0,0,255,0,0,255,0,0,255,0,0,0,0,0,0,0,0,255,0
0,0,0,0,0,0,0,0,0,0,0,0,0,0,0,255,0,0,255,0,0,255,0,0,0,0,0,255,255,255,60,60,60,0,0,0,255,255,255,0,0,0,0,0,0,0,0,0,0,0,0,120,120,120,255,255,255,0,0,0,255,255,255,0,0,0,255,0,0,255,0,0,255,0,0,255,0,0,0,0,0,0,0,0,0,0,0,0,0
0,0,0,0,0,0,0,0,0,0,0,0,0,0,0,0,0,0,0,0,0,255,0,0,255,0,0,255,0,0,255,255,255,255,0,0,255,255,255,255,0,0,255,0,0,255,0,0,255,0,0,255,255,255,255,0,0,255,255,255,255,255,255,255,0,0,255,0,0,255,0,0,0,0,0,0,0,0,0,0,0,0,0,0,0,0,0,0,0
0,0,0,0,0,0,0,0,0,0,0,0,0,0,0,0,0,0,0,0,0,255,0,0,255,0,0,255,0,0,255,255,255,255,255,255,255,0,0,255,255,255,255,0,0,255,0,0,255,255,255,255,0,0,255,255,255,255,255,255,255,0,0,255,0,0,255,0,0,0,0,0,0,0,0,0,0,0,0,0,0,0,0,0,0,0,0,0,0
255,0,0,0,0,0,0,0,0,0,0,0,0,0,0,255,0,0,255,0,0,255,0,0,255,0,0,255,0,0,255,0,0,255,255,255,255,0,0,255,255,255,255,0,0,255,0,0,255,255,255,255,0,0,255,255,255,255,255,255,255,0,0,255,0,0,255,0,0,255,0,0,255,0,0,0,0,0,0,0,0,0,0,0,0,0,0,255,0
255,0,0,255,0,0,255,0,0,255,0,0,255,0,0,255,0,0,255,0,0,255,0,0,0,0,0,0,0,0,0,0,0,255,255,255,255,255,255,255,0,0,255,255,255,255,255,255,255,0,0,255,255,255,255,255,255,0,0,0,0,0,0,0,0,0,45,0,0,255,0,0,255,0,0,255,0,0,255,0,0,255,0,0,255,0,0,255,0
255,0,0,255,0,0,255,0,0,255,0,0,255,0,0,212,0,0,0,0,0,0,0,0,0,0,0,0,0,0,255,0,0,255,0,0,255,255,255,255,0,0,255,255,255,255,255,255,255,0,0,255,255,255,255,255,255,255,0,0,0,0,0,0,0,0,0,0,0,0,0,0,0,0,0,255,0,0,255,0,0,255,0,0,255,0,0,255,0
255,0,0,0,0,0,0,0,0,255,0,0,255,0,0,255,0,0,255,0,0,0,0,0,255,0,0,255,0,0,255,0,0,255,0,0,255,255,255,255,255,255,255,0,0,255,0,0,255,255,255,255,255,255,255,0,0,255,0,0,255,0,0,255,0,0,0,0,0,255,0,0,255,0,0,255,0,0,255,0,0,0,0,0,0,0,0,255,0
0,0,0,0,0,0,0,0,0,0,0,0,0,0,0,0,0,0,255,0,0,255,0,0,255,0,0,255,0,0,255,0,0,255,0,0,17,0,0,255,255,255,255,255,255,0,0,0,255,255,255,0,0,0,255,0,0,255,0,0,255,0,0,255,0,0,255,0,0,255,0,0,0,0,0,0,0,0,0,0,0,0,0,0,0,0,0,0,0
0,0,0,0,0,0,0,0,0,0,0,0,0,0,0,0,0,0,255,0,0,255,0,0,255,0,0,255,0,0,255,0,0,91,0,0,0,0,0,255,255,255,255,255,255,255,255,255,255,255,255,0,0,0,0,0,0,255,0,0,255,0,0,255,0,0,255,0,0,255,0,0,0,0,0,0,0,0,0,0,0,0,0,0,0,0,0,0,0
255,255,255,0,0,0,0,0,0,0,0,0,255,0,0,255,0,0,255,0,0,255,0,0,255,0,0,255,0,0,255,0,0,255,0,0,255,0,0,255,0,0,255,255,255,255,255,255,255,0,0,255,0,0,255,0,0,255,0,0,255,0,0,255,0,0,255,0,0,255,0,0,255,0,0,255,0,0,0,0,0,0,0,0,0,0,0,255,255
255,255,255,0,0,0,0,0,0,255,0,0,255,0,0,255,0,0,255,0,0,255,0,0,255,0,0,0,0,0,0,0,0,255,0,0,255,0,0,255,0,0,255,255,255,255,255,255,255,0,0,255,0,0,255,0,0,2,0,0,0,0,0,0,0,0,255,0,0,255,0,0,255,0,0,255,0,0,255,0,0,0,0,0,0,0,0,255,255
0,0,0,255,255,255,255,0,0,255,0,0,255,0,0,255,0,0,255,0,0,0,0,0,0,0,0,255,0,0,255,0,0,255,0,0,255,0,0,255,0,0,255,0,0,255,0,0,255,0,0,255,0,0,255,0,0,255,0,0,255,0,0,255,0,0,0,0,0,0,0,0,255,0,0,255,0,0,255,0,0,255,0,0,255,255,255,0,0
0,0,0,255,255,255,255,0,0,255,0,0,255,0,0,255,0,0,0,0,0,255,0,0,255,0,0,255,0,0,255,0,0,255,0,0,0,0,0,0,0,0,255,0,0,255,0,0,0,0,0,0,0,0,255,0,0,255,0,0,255,0,0,255,0,0,255,0,0,0,0,0,0,0,0,255,0,0,255,0,0,255,0,0,255,255,255,0,0
255,0,0,255,0,0,255,255,255,255,0,0,255,0,0,255,0,0,255,0,0,255,0,0,255,0,0,0,0,0,0,0,0,0,0,0,0,0,0,0,0,0,0,0,0,0,0,0,0,0,0,0,0,0,0,0,0,0,0,0,0,0,0,255,0,0,255,0,0,255,0,0,255,0,0,255,0,0,1,0,0,255,255,255,255,0,0,255,0
255,255,255,255,0,0,255,0,0,255,255,255,255,0,0,255,0,0,0,0,0,0,0,0,0,0,0,0,0,0,0,0,0,0,0,0,0,0,0,0,0,0,0,0,0,0,0,0,0,0,0,0,0,0,0,0,0,0,0,0,0,0,0,0,0,0,0,0,0,0,0,0,255,0,0,255,0,0,255,0,0,255,255,255,255,0,0,255,255
255,255,255,255,2,2,255,0,0,255,255,255,255,0,0,0,0,0,0,0,0,0,0,0,0,0,0,0,0,0,0,0,0,0,0,0,0,0,0,0,0,0,0,0,0,0,0,0,0,0,0,0,0,0,0,0,0,0,0,0,0,0,0,0,0,0,0,0,0,0,0,0,0,0,0,255,0,0,255,255,255,255,0,0,255,0,0,255,255
255,0,0,255,255,255,0,0,0,0,0,0,255,255,255,255,0,0,255,0,0,0,0,0,0,0,0,0,0,0,0,0,0,0,0,0,0,0,0,0,0,0,0,0,0,0,0,0,0,0,0,0,0,0,0,0,0,0,0,0,0,0,0,0,0,0,0,0,0,255,0,0,255,0,0,255,2,2,255,255,255,0,0,0,255,255,255,255,0
255,255,255,0,0,0,255,255,255,0,0,0,255,255,255,255,0,0,255,0,0,255,0,0,0,0,0,0,0,0,0,0,0,0,0,0,0,0,0,0,0,0,0,0,0,255,0,0,0,0,0,0,0,0,0,0,0,0,0,0,0,0,0,0,0,0,255,0,0,255,0,0,255,0,0,255,255,255,0,0,0,0,0,0,255,255,255,255,255
255,255,255,27,27,27,255,255,255,0,0,0,0,0,0,255,255,255,0,0,0,255,0,0,255,0,0,255,0,0,0,0,0,255,0,0,255,0,0,255,0,0,255,0,0,255,0,0,255,0,0,255,0,0,255,0,0,0,0,0,4,0,0,255,0,0,255,0,0,255,0,0,55,55,55,252,252,252,0,0,0,255,255,255,0,0,0,255,255
0,0,0,255,255,255,255,255,255,178,178,178,0,0,0,255,255,255,0,0,0,8,0,0,255,0,0,255,0,0,255,0,0,255,0,0,255,0,0,255,0,0,255,0,0,255,0,0,255,0,0,255,0,0,255,0,0,255,0,0,255,0,0,255,0,0,255,0,0,0,0,0,255,255,255,0,0,0,0,0,0,255,255,255,255,255,255,223,223
255,0,0,255,255,255,160,160,160,255,255,255,0,0,0,255,0,0,255,255,255,255,0,0,255,0,0,255,0,0,255,0,0,255,0,0,255,0,0,255,0,0,255,0,0,255,0,0,255,0,0,255,0,0,255,0,0,255,0,0,255,0,0,255,0,0,255,0,0,255,190,190,255,250,250,0,0,0,255,255,255,0,0,0,255,255,255,255,0
255,0,0,255,0,0,255,255,255,255,255,255,255,252,252,255,0,0,255,255,255,255,0,0,255,0,0,255,0,0,255,0,0,255,0,0,255,0,0,255,0,0,255,0,0,0,0,0,255,0,0,255,0,0,255,0,0,255,0,0,255,0,0,255,0,0,255,0,0,255,255,255,255,0,0,255,0,0,255,255,255,255,255,255,255,71,71,255,0
255,0,0,255,0,0,255,255,255,255,252,252,255,255,255,212,0,0,0,0,0,255,255,255,0,0,0,0,0,0,255,0,0,255,0,0,255,0,0,255,0,0,255,0,0,255,0,0,255,0,0,255,0,0,255,0,0,255,0,0,0,0,0,0,0,0,255,255,255,137,137,137,0,0,0,255,255,255,255,0,0,255,255,255,255,0,0,255,0
255,0,0,255,0,0,255,0,0,255,255,255,255,168,168,255,255,255,0,0,0,255,255,255,0,0,0,255,0,0,255,0,0,255,0,0,255,0,0,255,0,0,255,0,0,255,0,0,255,0,0,255,0,0,255,0,0,255,0,0,255,0,0,0,0,0,255,255,255,0,0,0,255,0,0,255,255,255,255,255,255,255,2,2,255,0,0,255,0
0,0,0,0,0,0,0,0,0,255,255,255,255,255,255,255,255,255,255,0,0,255,0,0,255,255,255,255,0,0,255,0,0,255,0,0,255,0,0,0,0,0,0,0,0,0,0,0,0,0,0,255,0,0,255,0,0,255,0,0,255,0,0,255,255,255,255,8,8,255,0,0,255,255,255,255,0,0,255,255,255,0,0,0,0,0,0,0,0
0,0,0,0,0,0,0,0,0,0,0,0,255,255,255,0,0,0,255,255,255,255,0,0,255,255,255,255,5,5,255,0,0,91,0,0,0,0,0,0,0,0,0,0,0,0,0,0,0,0,0,0,0,0,0,0,0,255,0,0,255,0,0,255,255,255,255,0,0,255,255,255,0,0,0,255,255,255,0,0,0,0,0,0,0,0,0,0,0
0,0,0,0,0,0,0,0,0,0,0,0,255,255,255,255,255,255,255,255,255,255,0,0,255,0,0,255,255,255,255,0,0,255,0,0,0,0,0,0,0,0,0,0,0,0,0,0,0,0,0,0,0,0,255,0,0,255,0,0,255,255,255,255,0,0,255,0,0,255,255,255,255,0,0,255,255,255,0,0,0,0,0,0,0,0,0,0,0
0,0,0,0,0,0,0,0,0,255,0,0,255,0,0,255,255,255,255,0,0,255,255,255,255,0,0,255,255,255,60,60,60,255,0,0,255,0,0,255,0,0,255,0,0,255,0,0,255,0,0,255,0,0,255,0,0,2,0,0,255,255,255,0,0,0,255,255,255,255,0,0,255,255,255,255,0,0,255,0,0,0,0,0,0,0,0,0,0
0,0,0,0,0,0,87,0,0,255,0,0,255,0,0,255,153,153,255,255,255,255,255,255,0,0,0,0,0,0,255,255,255,255,0,0,255,0,0,255,0,0,255,0,0,255,0,0,255,0,0,255,0,0,255,0,0,255,255,255,0,0,0,0,0,0,255,255,255,255,0,0,255,255,255,255,0,0,255,0,0,255,0,0,0,0,0,0,0
0,0,0,255,0,0,255,0,0,255,0,0,255,0,0,255,0,0,255,255,255,255,0,0,255,255,255,255,0,0,255,194,194,255,188,188,0,0,0,0,0,0,255,0,0,255,0,0,0,0,0,0,0,0,255,0,0,255,255,255,255,0,0,255,255,255,255,0,0,255,255,255,0,0,0,255,0,0,255,0,0,255,0,0,255,0,0,0,0
255,0,0,255,0,0,255,0,0,255,0,0,255,0,0,255,0,0,255,0,0,255,255,255,255,0,0,255,255,255,0,0,0,255,255,255,0,0,0,0,0,0,0,0,0,0,0,0,0,0,0,0,0,0,255,255,255,0,0,0,0,0,0,255,255,255,255,255,255,255,0,0,255,0,0,255,0,0,1,0,0,255,0,0,255,0,0,255,0
255,0,0,255,0,0,255,0,0,255,0,0,255,0,0,255,0,0,255,0,0,255,255,255,19,19,19,255,255,255,0,0,0,0,0,0,255,255,255,0,0,0,0,0,0,0,0,0,0,0,0,64,64,64,255,255,255,0,0,0,255,255,255,0,0,0,255,255,255,5,0,0,255,0,0,255,0,0,255,0,0,255,0,0,255,0,0,255,0
255,0,0,255,0,0,255,0,0,255,0,0,255,0,0,0,0,0,0,0,0,0,0,0,255,255,255,0,0,0,255,255,255,0,0,0,255,255,255,0,0,0,0,0,0,0,0,0,0,0,0,255,255,255,0,0,0,11,11,11,255,255,255,255,255,255,0,0,0,0,0,0,0,0,0,255,0,0,255,0,0,255,0,0,255,0,0,255,0
255,0,0,255,0,0,0,0,0,255,0,0,255,0,0,255,0,0,0,0,0,0,0,0,255,255,255,153,153,153,255,255,255,0,0,0,0,0,0,255,255,255,0,0,0,0,0,0,192,192,192,162,162,162,0,0,0,255,255,255,0,0,0,255,255,255,0,0,0,0,0,0,255,0,0,255,0,0,255,0,0,0,0,0,255,0,0,255,0
0,0,0,0,0,0,0,0,0,0,0,0,0,0,0,255,0,0,255,0,0,255,0,0,0,0,0,255,255,255,0,0,0,255,255,255,0,0,0,255,255,255,0,0,0,0,0,0,255,255,255,0,0,0,84,84,84,255,255,255,255,255,255,0,0,0,255,0,0,255,0,0,255,0,0,255,0,0,0,0,0,0,0,0,0,0,0,0,0
255,255,255,0,0,0,0,0,0,0,0,0,0,0,0,0,0,0,0,0,0,255,0,0,255,0,0,255,0,0,255,255,255,255,255,255,255,0,0,255,0,0,255,255,255,255,255,255,255,0,0,255,0,0,255,255,255,34,34,34,255,255,255,255,0,0,255,0,0,255,0,0,0,0,0,0,0,0,0,0,0,0,0,0,0,0,0,255,255
255,255,255,0,0,0,0,0,0,0,0,0,0,0,0,0,0,0,0,0,0,8,0,0,255,0,0,255,0,0,255,255,255,255,0,0,255,255,255,255,0,0,255,255,255,255,255,255,255,0,0,255,203,203,255,255,255,255,255,255,255,0,0,255,0,0,255,0,0,0,0,0,0,0,0,0,0,0,0,0,0,0,0,0,0,0,0,255,255
255,0,0,255,255,255,0,0,0,0,0,0,0,0,0,255,0,0,255,0,0,255,0,0,255,0,0,255,0,0,255,0,0,255,255,255,255,255,255,255,0,0,255,0,0,255,0,0,255,0,0,255,255,255,255,128,128,255,255,255,255,0,0,255,0,0,255,0,0,255,0,0,255,0,0,0,0,0,0,0,0,0,0,0,255,255,255,255,0
255,0,0,255,255,255,0,0,0,255,0,0,255,0,0,255,0,0,255,0,0,255,0,0,255,0,0,255,0,0,255,0,0,255,255,255,255,0,0,255,255,255,255,0,0,0,0,0,255,255,255,255,255,255,255,255,255,255,0,0,255,0,0,255,0,0,255,0,0,255,0,0,255,0,0,255,0,0,255,0,0,252,0,0,255,255,255,255,0
255,255,255,255,0,0,255,255,255,255,0,0,255,0,0,212,0,0,0,0,0,0,0,0,0,0,0,0,0,0,255,0,0,255,0,0,255,255,255,255,255,255,255,0,0,255,0,0,255,255,255,255,203,203,255,255,255,255,0,0,0,0,0,0,0,0,0,0,0,0,0,0,0,0,0,255,0,0,255,0,0,255,255,255,255,0,0,255,255
255,255,255,0,0,0,0,0,0,255,255,255,255,0,0,255,0,0,255,0,0,0,0,0,255,0,0,255,0,0,255,0,0,255,0,0,255,255,255,255,0,0,255,255,255,255,255,255,255,0,0,255,255,255,255,0,0,255,0,0,255,0,0,255,0,0,0,0,0,255,0,0,255,0,0,255,0,0,255,1,1,255,255,255,0,0,0,255,255
255,255,255,255,255,255,0,0,0,255,255,255,0,0,0,255,0,0,255,0,0,255,0,0,255,0,0,255,0,0,255,0,0,255,0,0,255,0,0,255,255,255,255,255,255,255,255,255,255,255,255,255,255,255,255,0,0,255,0,0,255,0,0,255,0,0,255,0,0,255,0,0,255,0,0,255,0,0,255,255,255,0,0,0,255,255,255,255,255
0,0,0,255,255,255,8,8,8,0,0,0,255,255,255,0,0,0,255,0,0,255,0,0,255,0,0,255,0,0,255,0,0,91,0,0,0,0,0,255,255,255,0,0,0,0,0,0,255,255,255,0,0,0,0,0,0,255,0,0,255,0,0,255,0,0,255,0,0,255,0,0,0,0,0,34,34,34,255,255,255,0,0,0,255,255,255,0,0
0,0,0,255,255,255,255,255,255,0,0,0,255,255,255,255,0,0,255,0,0,255,0,0,255,0,0,255,0,0,255,0,0,255,0,0,0,0,0,0,0,0,255,255,255,255,255,255,255,255,255,0,0,0,255,0,0,255,0,0,255,0,0,255,0,0,255,0,0,255,0,0,255,0,0,255,255,255,0,0,0,255,255,255,255,255,255,0,0
0,0,0,0,0,0,255,255,255,255,73,73,255,0,0,255,255,255,255,0,0,255,0,0,255,0,0,0,0,0,0,0,0,255,0,0,255,0,0,255,0,0,255,255,255,255,255,255,255,0,0,255,0,0,255,0,0,2,0,0,0,0,0,0,0,0,255,0,0,255,0,0,255,142,142,255,255,255,255,0,0,255,255,255,0,0,0,0,0
0,0,0,0,0,0,255,203,203,255,255,255,255,0,0,255,255,255,255,0,0,0,0,0,0,0,0,255,0,0,255,0,0,255,0,0,255,0,0,255,0,0,255,0,0,255,0,0,255,0,0,255,0,0,255,0,0,255,0,0,255,0,0,0,0,0,0,0,0,255,0,0,255,255,255,255,0,0,255,255,255,255,255,255,0,0,0,0,0
0,0,0,255,0,0,255,0,0,255,255,255,255,194,194,255,0,0,255,255,255,255,0,0,255,0,0,255,0,0,255,0,0,255,0,0,0,0,0,0,0,0,255,0,0,255,0,0,0,0,0,0,0,0,255,0,0,255,0,0,255,0,0,255,0,0,255,0,0,233,233,233,252,252,252,255,0,0,255,255,255,255,0,0,255,0,0,0,0
255,0,0,255,0,0,255,0,0,255,0,0,255,255,255,255,0,0,255,0,0,255,255,255,0,0,0,0,0,0,0,0,0,0,0,0,0,0,0,0,0,0,0,0,0,0,0,0,0,0,0,0,0,0,0,0,0,0,0,0,0,0,0,0,0,0,255,0,0,255,255,255,255,0,0,255,255,255,255,0,0,255,0,0,255,0,0,255,0
255,0,0,255,0,0,255,0,0,255,0,0,255,255,255,255,252,252,255,0,0,255,255,255,0,0,0,0,0,0,0,0,0,0,0,0,0,0,0,0,0,0,0,0,0,0,0,0,0,0,0,0,0,0,0,0,0,0,0,0,0,0,0,0,0,0,255,255,255,255,138,138,255,0,0,255,255,255,255,0,0,255,0,0,255,0,0,255,0
255,0,0,255,0,0,255,0,0,255,0,0,255,0,0,255,255,255,0,0,0,255,255,255,0,0,0,0,0,0,0,0,0,0,0,0,0,0,0,0,0,0,0,0,0,0,0,0,0,0,0,0,0,0,0,0,0,0,0,0,0,0,0,0,0,0,255,255,255,0,0,0,255,255,255,255,252,252,255,0,0,255,0,0,255,0,0,255,0
255,0,0,255,0,0,0,0,0,255,0,0,255,0,0,255,255,255,255,255,255,0,0,0,255,255,255,0,0,0,0,0,0,0,0,0,0,0,0,0,0,0,0,0,0,0,0,0,0,0,0,0,0,0,0,0,0,0,0,0,0,0,0,255,255,255,0,0,0,190,190,190,255,255,255,255,0,0,255,0,0,0,0,0,255,0,0,255,0
0,0,0,0,0,0,0,0,0,0,0,0,0,0,0,255,0,0,255,255,255,255,0,0,255,255,255,36,36,36,0,0,0,0,0,0,0,0,0,0,0,0,0,0,0,0,0,0,0,0,0,0,0,0,0,0,0,0,0,0,0,0,0,255,255,255,255,0,0,255,255,255,255,151,151,255,0,0,0,0,0,0,0,0,0,0,0,0,0
0,0,0,0,0,0,0,0,0,0,0,0,0,0,0,0,0,0,255,255,255,255,255,255,255,0,0,255,255,255,0,0,0,255,0,0,255,0,0,255,0,0,255,0,0,255,0,0,255,0,0,255,0,0,255,0,0,0,0,0,255,255,255,255,0,0,255,255,255,255,255,255,0,0,0,0,0,0,0,0,0,0,0,0,0,0,0,0,0
0,0,0,0,0,0,0,0,0,0,0,0,0,0,0,0,0,0,0,0,0,255,255,255,255,0,0,255,255,255,255,170,170,255,0,0,255,0,0,255,0,0,255,0,0,255,0,0,255,0,0,255,0,0,255,0,0,255,0,0,255,255,255,255,0,0,255,255,255,19,19,19,0,0,0,0,0,0,0,0,0,0,0,0,0,0,0,0,0
255,0,0,0,0,0,0,0,0,0,0,0,0,0,0,255,0,0,255,0,0,255,255,255,255,255,255,255,0,0,255,255,255,255,0,0,255,0,0,255,0,0,255,0,0,255,0,0,255,0,0,255,0,0,255,0,0,255,255,255,255,0,0,255,255,255,255,255,255,255,0,0,255,0,0,0,0,0,0,0,0,0,0,0,0,0,0,255,0
255,0,0,255,0,0,0,0,0,255,0,0,255,0,0,255,0,0,255,0,0,255,0,0,255,255,255,255,0,0,255,194,194,255,255,255,255,0,0,255,0,0,255,0,0,0,0,0,255,0,0,255,0,0,255,0,0,255,255,255,255,0,0,255,255,255,255,0,0,255,0,0,255,0,0,255,0,0,255,0,0,252,0,0,255,0,0,255,0
255,0,0,255,0,0,255,0,0,255,0,0,255,0,0,212,0,0,0,0,0,0,0,0,255,255,255,255,255,255,255,0,0,255,255,255,255,0,0,255,0,0,255,0,0,255,0,0,255,0,0,255,0,0,255,255,255,255,0,0,255,255,255,255,255,255,0,0,0,0,0,0,0,0,0,255,0,0,255,0,0,255,0,0,255,0,0,255,0
255,0,0,0,0,0,0,0,0,255,0,0,255,0,0,255,0,0,255,0,0,0,0,0,255,0,0,255,255,255,255,255,255,255,0,0,255,255,255,255,0,0,255,0,0,255,0,0,255,0,0,255,255,255,255,0,0,255,0,0,255,255,255,255,0,0,0,0,0,255,0,0,255,0,0,255,0,0,255,0,0,0,0,0,0,0,0,255,0
0,0,0,0,0,0,0,0,0,0,0,0,0,0,0,255,0,0,255,0,0,255,0,0,255,0,0,255,212,212,255,255,255,255,0,0,255,255,255,0,0,0,0,0,0,0,0,0,0,0,0,255,255,255,255,0,0,255,255,255,255,255,255,255,0,0,255,0,0,255,0,0,255,0,0,255,0,0,0,0,0,0,0,0,0,0,0,0,0
0,0,0,0,0,0,0,0,0,0,0,0,0,0,0,0,0,0,255,0,0,255,0,0,255,0,0,255,0,0,255,255,255,255,255,255,0,0,0,255,255,255,0,0,0,0,0,0,255,255,255,0,0,0,9,9,9,255,255,255,255,0,0,255,0,0,255,0,0,255,0,0,0,0,0,0,0,0,0,0,0,0,0,0,0,0,0,0,0
0,0,0,0,0,0,0,0,0,0,0,0,0,0,0,255,0,0,255,0,0,255,0,0,255,0,0,255,0,0,255,100,100,255,255,255,0,0,0,255,255,255,0,0,0,0,0,0,255,255,255,0,0,0,255,255,255,255,255,255,255,0,0,255,0,0,255,0,0,255,0,0,255,0,0,0,0,0,0,0,0,0,0,0,0,0,0,0,0
0,0,0,0,0,0,0,0,0,255,0,0,255,0,0,255,0,0,255,0,0,255,0,0,255,0,0,0,0,0,0,0,0,255,255,255,255,255,255,255,0,0,255,255,255,255,255,255,255,0,0,255,64,64,255,255,255,2,0,0,0,0,0,0,0,0,255,0,0,255,0,0,255,0,0,255,0,0,255,0,0,0,0,0,0,0,0,0,0
0,0,0,0,0,0,87,0,0,255,0,0,255,0,0,255,0,0,255,0,0,255,0,0,0,0,0,0,0,0,255,0,0,255,17,17,255,255,255,255,0,0,255,255,255,255,255,255,255,0,0,255,255,255,255,255,255,255,0,0,0,0,0,0,0,0,0,0,0,255,0,0,255,0,0,255,0,0,255,0,0,255,0,0,0,0,0,0,0
0,0,0,255,0,0,255,0,0,255,0,0,255,0,0,255,0,0,0,0,0,255,0,0,255,0,0,255,0,0,255,0,0,255,0,0,255,255,255,255,255,255,255,0,0,255,0,0,192,192,192,255,255,255,255,0,0,255,0,0,255,0,0,255,0,0,255,0,0,0,0,0,0,0,0,255,0,0,255,0,0,255,0,0,255,0,0,0,0
255,0,0,255,0,0,255,0,0,255,0,0,255,0,0,255,0,0,255,0,0,255,0,0,255,0,0,0,0,0,0,0,0,0,0,0,0,0,0,255,255,255,0,0,0,0,0,0,255,255,255,0,0,0,0,0,0,0,0,0,0,0,0,255,0,0,255,0,0,255,0,0,255,0,0,255,0,0,1,0,0,255,0,0,255,0,0,255,0
255,0,0,255,0,0,255,0,0,255,0,0,255,0,0,255,0,0,255,0,0,45,0,0,0,0,0,0,0,0,0,0,0,0,0,0,0,0,0,255,255,255,255,255,255,255,255,255,255,255,255,0,0,0,0,0,0,0,0,0,0,0,0,0,0,0,0,0,0,255,0,0,255,0,0,255,0,0,255,0,0,255,0,0,255,0,0,255,0
255,255,255,255,0,0,255,0,0,255,0,0,255,0,0,0,0,0,0,0,0,0,0,0,0,0,0,0,0,0,0,0,0,0,0,0,0,0,0,0,0,0,255,255,255,255,255,255,0,0,0,0,0,0,0,0,0,0,0,0,0,0,0,0,0,0,0,0,0,0,0,0,0,0,0,255,0,0,255,0,0,255,0,0,255,0,0,255,255
255,255,255,255,0,0,255,0,0,255,0,0,255,0,0,255,0,0,0,0,0,0,0,0,0,0,0,0,0,0,0,0,0,0,0,0,0,0,0,0,0,0,255,255,255,255,255,255,0,0,0,0,0,0,0,0,0,0,0,0,0,0,0,0,0,0,0,0,0,0,0,0,255,0,0,255,0,0,255,0,0,205,0,0,255,0,0,255,255
0,0,0,255,255,255,0,0,0,0,0,0,0,0,0,255,0,0,255,0,0,255,0,0,0,0,0,0,0,0,0,0,0,0,0,0,0,0,0,0,0,0,0,0,0,0,0,0,0,0,0,0,0,0,0,0,0,0,0,0,0,0,0,0,0,0,255,0,0,255,0,0,255,0,0,255,0,0,0,0,0,0,0,0,255,255,255,6,6
0,0,0,255,255,255,8,8,8,0,0,0,0,0,0,0,0,0,0,0,0,255,0,0,255,0,0,255,0,0,0,0,0,255,0,0,255,0,0,255,0,0,255,0,0,255,0,0,255,0,0,255,0,0,255,0,0,0,0,0,4,0,0,255,0,0,255,0,0,255,0,0,0,0,0,0,0,0,0,0,0,0,0,0,255,255,255,0,0
0,0,0,0,0,0,255,255,255,0,0,0,0,0,0,0,0,0,0,0,0,8,0,0,255,0,0,255,0,0,255,0,0,255,0,0,255,0,0,255,0,0,255,0,0,255,0,0,255,0,0,255,0,0,255,0,0,255,0,0,255,0,0,255,0,0,255,0,0,0,0,0,0,0,0,0,0,0,0,0,0,255,255,255,0,0,0,0,0
255,255,255,0,0,0,255,255,255,73,73,73,0,0,0,255,0,0,255,0,0,255,0,0,255,0,0,255,0,0,255,0,0,255,0,0,255,0,0,255,0,0,255,0,0,255,0,0,255,0,0,255,0,0,255,0,0,255,0,0,255,0,0,255,0,0,255,0,0,255,0,0,255,0,0,0,0,0,0,0,0,255,255,255,0,0,0,255,255
255,255,255,255,0,0,0,0,0,255,255,255,255,0,0,255,0,0,255,0,0,255,0,0,255,0,0,255,0,0,255,0,0,255,0,0,255,0,0,255,0,0,255,0,0,0,0,0,255,0,0,255,0,0,255,0,0,255,0,0,255,0,0,255,0,0,255,0,0,255,0,0,255,0,0,255,0,0,255,255,255,252,0,0,255,0,0,255,255
255,0,0,255,255,255,255,0,0,255,184,184,255,194,194,212,0,0,0,0,0,0,0,0,0,0,0,0,0,0,255,0,0,255,0,0,255,0,0,255,0,0,255,0,0,255,0,0,255,0,0,255,0,0,255,0,0,255,0,0,0,0,0,0,0,0,0,0,0,0,0,0,0,0,0,255,0,0,255,255,255,255,0,0,255,255,255,255,0
255,255,255,255,255,255,255,0,0,255,0,0,255,255,255,255,0,0,0,0,0,0,0,0,0,0,0,255,0,0,255,0,0,255,0,0,255,0,0,255,0,0,255,0,0,255,0,0,255,0,0,255,0,0,255,0,0,255,0,0,255,0,0,0,0,0,0,0,0,0,0,0,255,0,0,255,255,255,255,0,0,255,0,0,255,255,255,255,0
255,255,255,0,0,0,255,255,255,0,0,0,55,55,55,255,252,252,255,0,0,255,0,0,255,0,0,255,0,0,255,0,0,255,0,0,255,0,0,0,0,0,0,0,0,0,0,0,0,0,0,255,0,0,255,0,0,255,0,0,255,0,0,255,0,0,255,0,0,255,0,0,255,0,0,255,255,255,0,0,0,255,255,255,0,0,0,255,255
0,0,0,255,255,255,0,0,0,255,255,255,0,0,0,255,255,255,255,0,0,255,0,0,255,0,0,255,0,0,255,0,0,91,0,0,0,0,0,0,0,0,0,0,0,0,0,0,0,0,0,0,0,0,0,0,0,255,0,0,255,0,0,255,0,0,255,0,0,255,0,0,255,255,255,0,0,0,17,17,17,255,255,255,255,255,255,0,0
0,0,0,255,255,255,0,0,0,255,255,255,0,0,0,255,4,4,255,255,255,255,0,0,255,0,0,255,0,0,255,0,0,255,0,0,0,0,0,0,0,0,0,0,0,0,0,0,0,0,0,0,0,0,255,0,0,255,0,0,255,0,0,255,0,0,255,0,0,255,0,0,255,255,255,0,0,0,255,255,255,0,0,0,255,255,255,0,0
0,0,0,0,0,0,255,255,255,255,0,0,255,255,255,255,0,0,255,255,255,255,0,0,255,0,0,0,0,0,0,0,0,255,0,0,255,0,0,255,0,0,255,0,0,255,0,0,255,0,0,255,0,0,255,0,0,2,0,0,0,0,0,0,0,0,255,0,0,255,255,255,255,0,0,255,102,102,255,255,255,255,255,255,0,0,0,0,0
0,0,0,0,0,0,255,255,255,255,252,252,255,255,255,255,0,0,255,0,0,255,255,255,0,0,0,255,0,0,255,0,0,255,0,0,255,0,0,255,0,0,255,0,0,255,0,0,255,0,0,255,0,0,255,0,0,255,0,0,255,0,0,0,0,0,255,255,255,255,137,137,255,0,0,255,255,255,255,0,0,255,255,255,0,0,0,0,0
0,0,0,255,0,0,255,0,0,255,255,255,255,0,0,255,255,255,0,0,0,255,255,255,255,0,0,255,0,0,255,0,0,255,0,0,0,0,0,0,0,0,255,0,0,255,0,0,0,0,0,0,0,0,255,0,0,255,0,0,255,0,0,255,0,0,255,255,255,0,0,0,212,212,212,255,255,255,255,255,255,255,0,0,255,0,0,0,0
255,0,0,255,0,0,255,0,0,255,255,255,255,0,0,255,255,255,255,0,0,255,0,0,255,255,255,255,0,0,255,0,0,0,0,0,0,0,0,0,0,0,0,0,0,0,0,0,0,0,0,0,0,0,0,0,0,34,0,0,255,0,0,255,0,0,255,255,255,255,0,0,255,255,255,0,0,0,255,255,255,255,0,0,255,0,0,255,0
255,0,0,255,0,0,255,0,0,255,0,0,255,255,255,255,0,0,255,255,255,45,0,0,255,255,255,0,0,0,0,0,0,0,0,0,0,0,0,0,0,0,0,0,0,0,0,0,0,0,0,0,0,0,0,0,0,0,0,0,0,0,0,255,255,255,0,0,0,255,255,255,255,255,255,255,255,255,255,0,0,255,0,0,255,0,0,255,0
255,0,0,255,0,0,255,0,0,255,0,0,255,0,0,255,255,255,255,255,255,0,0,0,0,0,0,255,255,255,0,0,0,0,0,0,0,0,0,0,0,0,0,0,0,0,0,0,0,0,0,0,0,0,0,0,0,0,0,0,255,255,255,0,0,0,0,0,0,255,255,255,212,212,212,255,255,255,255,0,0,255,0,0,255,0,0,255,0
255,0,0,255,0,0,255,0,0,255,0,0,255,0,0,255,255,255,0,0,0,255,255,255,0,0,0,255,255,255,0,0,0,0,0,0,0,0,0,0,0,0,0,0,0,0,0,0,0,0,0,0,0,0,0,0,0,0,0,0,255,255,255,0,0,0,255,255,255,252,252,252,255,255,255,255,0,0,255,0,0,205,0,0,255,0,0,255,0
0,0,0,0,0,0,0,0,0,0,0,0,0,0,0,255,0,0,255,255,255,255,255,255,19,19,19,0,0,0,255,255,255,0,0,0,0,0,0,0,0,0,0,0,0,0,0,0,0,0,0,0,0,0,0,0,0,255,255,255,0,0,0,0,0,0,255,255,255,255,255,255,255,255,255,255,0,0,0,0,0,0,0,0,0,0,0,0,0
0,0,0,0,0,0,0,0,0,0,0,0,0,0,0,0,0,0,255,255,255,255,0,0,255,255,255,0,0,0,194,194,194,188,188,188,255,0,0,255,0,0,255,0,0,255,0,0,255,0,0,255,0,0,0,0,0,255,255,255,0,0,0,255,255,255,255,0,0,255,255,255,0,0,0,0,0,0,0,0,0,0,0,0,0,0,0,0,0
0,0,0,0,0,0,0,0,0,0,0,0,0,0,0,0,0,0,0,0,0,255,255,255,255,255,255,255,153,153,255,0,0,255,255,255,255,0,0,255,0,0,255,0,0,255,0,0,255,0,0,255,0,0,255,255,255,255,0,0,255,0,0,255,255,255,255,255,255,252,252,252,0,0,0,0,0,0,0,0,0,0,0,0,0,0,0,0,0
0,0,0,0,0,0,0,0,0,0,0,0,0,0,0,0,0,0,0,0,0,255,255,255,255,0,0,255,255,255,255,0,0,255,255,255,255,0,0,255,0,0,255,0,0,255,0,0,255,0,0,255,0,0,255,255,255,255,0,0,255,255,255,255,5,5,255,255,255,0,0,0,0,0,0,0,0,0,0,0,0,0,0,0,0,0,0,0,0
255,0,0,255,0,0,255,0,0,255,0,0,255,0,0,255,0,0,255,0,0,255,0,0,255,255,255,0,0,0,255,255,255,255,0,0,255,255,255,255,0,0,0,0,0,0,0,0,255,0,0,255,255,255,255,0,0,11,11,11,255,255,255,255,255,255,255,0,0,255,0,0,255,0,0,255,0,0,255,0,0,255,0,0,255,0,0,255,0
255,0,0,255,0,0,255,0,0,255,0,0,255,0,0,255,0,0,255,0,0,255,0,0,255,255,255,0,0,0,255,255,255,255,0,0,255,255,255,255,0,0,255,0,0,255,0,0,255,0,0,255,255,255,255,0,0,255,255,255,0,0,0,255,255,255,45,0,0,255,0,0,255,0,0,255,0,0,255,0,0,255,0,0,255,0,0,255,0
255,0,0,255,0,0,255,0,0,255,0,0,255,0,0,255,0,0,0,0,0,0,0,0,0,0,0,255,255,255,255,255,255,255,255,255,255,0,0,255,255,255,255,0,0,255,0,0,255,255,255,255,0,0,255,0,0,255,255,255,255,255,255,32,32,32,0,0,0,0,0,0,255,0,0,255,0,0,255,0,0,255,0,0,255,0,0,255,0
255,255,255,0,0,0,0,0,0,0,0,0,0,0,0,255,0,0,255,0,0,255,0,0,255,0,0,255,0,0,255,255,255,255,255,255,255,0,0,0,0,0,255,255,255,255,255,255,0,0,0,255,0,0,255,255,255,255,34,34,255,255,255,255,0,0,255,0,0,255,0,0,255,0,0,0,0,0,0,0,0,0,0,0,0,0,0,255,255
255,255,255,0,0,0,0,0,0,0,0,0,0,0,0,0,0,0,255,0,0,255,0,0,255,0,0,255,0,0,255,255,255,255,176,176,255,255,255,0,0,0,255,255,255,255,255,255,0,0,0,0,0,0,255,255,255,255,255,255,255,3,3,255,0,0,255,0,0,255,0,0,0,0,0,0,0,0,0,0,0,0,0,0,0,0,0,255,255
0,0,0,255,255,255,0,0,0,0,0,0,0,0,0,255,0,0,255,0,0,255,0,0,255,0,0,255,0,0,255,255,255,255,255,255,255,255,255,0,0,0,0,0,0,0,0,0,0,0,0,255,255,255,255,0,0,255,255,255,255,0,0,255,0,0,255,0,0,255,0,0,255,0,0,0,0,0,0,0,0,0,0,0,255,255,255,38,38
0,0,0,255,255,255,0,0,0,0,0,0,255,0,0,255,0,0,255,0,0,255,0,0,255,0,0,255,0,0,255,0,0,255,255,255,255,43,43,255,255,255,255,0,0,255,0,0,255,0,0,255,255,255,255,255,255,255,0,0,255,0,0,255,0,0,255,0,0,255,0,0,255,0,0,255,0,0,0,0,0,0,0,0,255,255,255,0,0
255,255,255,0,0,0,255,255,255,255,0,0,255,0,0,255,0,0,255,0,0,255,0,0,0,0,0,0,0,0,255,0,0,255,255,255,255,255,255,255,255,255,255,0,0,255,0,0,255,255,255,255,0,0,255,255,255,255,0,0,0,0,0,0,0,0,0,0,0,255,0,0,255,0,0,255,0,0,255,0,0,255,255,255,4,4,4,0,0
255,255,255,0,0,0,255,255,255,255,0,0,255,0,0,255,0,0,255,0,0,0,0,0,0,0,0,255,0,0,255,0,0,255,0,0,255,255,255,255,1,1,255,255,255,255,0,0,255,255,255,255,255,255,255,0,0,255,0,0,255,0,0,255,0,0,0,0,0,0,0,0,255,0,0,255,0,0,255,0,0,255,255,255,255,0,0,255,255
255,255,255,255,255,255,255,0,0,255,255,255,0,0,0,255,0,0,255,0,0,255,0,0,255,0,0,255,0,0,0,0,0,0,0,0,0,0,0,255,255,255,255,255,255,255,255,255,255,255,255,255,255,255,0,0,0,0,0,0,255,0,0,255,0,0,255,0,0,255,0,0,255,0,0,255,0,0,255,255,255,255,0,0,255,255,255,255,255
255,0,0,255,255,255,255,0,0,255,255,255,255,194,194,255,0,0,255,0,0,45,0,0,0,0,0,0,0,0,0,0,0,0,0,0,0,0,0,255,255,255,0,0,0,0,0,0,255,255,255,0,0,0,0,0,0,0,0,0,0,0,0,0,0,0,0,0,0,255,0,0,255,0,0,255,0,0,255,255,255,255,0,0,255,255,255,255,0
255,0,0,255,255,255,255,255,255,255,0,0,255,255,255,255,0,0,0,0,0,0,0,0,0,0,0,0,0,0,0,0,0,0,0,0,0,0,0,17,17,17,255,255,255,0,0,0,255,255,255,0,0,0,0,0,0,0,0,0,0,0,0,0,0,0,0,0,0,0,0,0,255,0,0,255,255,255,255,0,0,255,0,0,255,255,255,255,0
255,0,0,255,0,0,255,255,255,255,0,0,255,168,168,255,255,255,0,0,0,0,0,0,0,0,0,0,0,0,0,0,0,0,0,0,0,0,0,0,0,0,255,255,255,255,255,255,0,0,0,0,0,0,0,0,0,0,0,0,0,0,0,0,0,0,0,0,0,0,0,0,255,0,0,255,255,255,255,0,0,255,255,255,255,0,0,255,0
255,0,0,0,0,0,255,255,255,255,255,255,255,0,0,255,255,255,255,0,0,0,0,0,0,0,0,0,0,0,0,0,0,0,0,0,0,0,0,0,0,0,0,0,0,255,255,255,0,0,0,0,0,0,0,0,0,0,0,0,0,0,0,0,0,0,0,0,0,255,0,0,255,255,255,255,0,0,255,0,0,255,255,255,0,0,0,255,0
0,0,0,0,0,0,0,0,0,255,255,255,0,0,0,22,22,22,255,255,255,255,0,0,255,0,0,0,0,0,0,0,0,0,0,0,0,0,0,0,0,0,255,0,0,255,0,0,255,0,0,0,0,0,0,0,0,0,0,0,0,0,0,137,0,0,255,0,0,255,0,0,255,255,255,0,0,0,255,255,255,0,0,0,0,0,0,0,0
0,0,0,0,0,0,0,0,0,0,0,0,255,255,255,0,0,0,255,255,255,0,0,0,255,0,0,255,0,0,255,0,0,255,0,0,255,0,0,255,0,0,255,0,0,255,0,0,255,0,0,255,0,0,255,0,0,255,0,0,255,0,0,255,0,0,0,0,0,255,255,255,0,0,0,255,255,255,255,255,255,0,0,0,0,0,0,0,0
0,0,0,0,0,0,0,0,0,0,0,0,255,255,255,0,0,0,0,0,0,255,255,255,255,0,0,255,0,0,255,0,0,255,0,0,255,0,0,255,0,0,255,0,0,255,0,0,255,0,0,255,0,0,255,0,0,255,0,0,255,0,0,255,0,0,255,0,0,255,255,255,0,0,0,255,255,255,0,0,0,0,0,0,0,0,0,0,0
