6,125,0,6,125,0,27,0,102,27,0,102,6,125,0,6,125,0,27,0,102,26,0,103,6,125,0,6,125,0,27,0,103,26,0,103,6,125,0,6,125,0,27,0,102,27,0,102,6,125,0,6,125,0,26,0,103,27,0,103,6,125,0,6,125,0,26,0,103,27,0,102,6,125,0,6,125,0,27,0,102,27,0,102,6,125,0,6,125,0,27,0,102,6,127,0,6,125,0,6,125,0,6,125,0,6,125,0,6,125,0,27,0,102,6,125,0,6,125,0,6,125,0,27,0,105,27,0,102,6,125,0,6,125,0,6,125,0,6,125,0,6,125,0,6,125,0,27,0,105,27,0,102,6,125,0,6,125,0,6,125,0,27,0,102,6,127,0,6,125,0,6,125,0,6,125,0,6,125,0,6,125,0,27,0,102
30,114,0,30,114,0,15,0,56,29,111,0,30,114,0,30,114,0,15,0,56,30,114,0,30,114,0,30,114,0,15,0,56,30,114,0,30,114,0,30,114,0,15,0,56,15,0,56,30,114,0,30,114,0,30,114,0,15,0,56,30,114,0,30,114,0,30,114,0,15,0,56,30,114,0,30,114,0,29,111,0,15,0,56,30,114,0,30,114,0,15,0,56,15,0,56,30,114,0,30,114,0,30,114,0,30,114,0,15,0,56,15,0,56,14,0,56,30,114,0,30,114,0,30,114,0,30,114,0,30,114,0,30,114,0,15,0,57,14,0,56,30,114,0,30,114,0,30,114,0,30,114,0,30,114,0,30,114,0,15,0,57,15,0,56,15,0,56,30,114,0,30,114,0,30,114,0,30,114,0,15,0,56,15,0,56
98,149,0,98,149,0,6,0,23,98,149,0,98,149,0,98,149,0,6,0,23,98,149,0,98,149,0,98,149,0,6,0,23,98,149,0,98,149,0,98,149,0,6,0,23,6,0,23,98,149,0,98,149,0,98,149,0,6,0,23,98,149,0,98,149,0,98,149,0,6,0,23,98,149,0,98,149,0,98,149,0,6,0,23,98,149,0,98,149,0,6,0,23,6,0,23,95,147,0,98,149,0,98,149,0,99,147,0,6,0,23,6,0,23,6,0,23,98,149,0,98,149,0,98,149,0,98,149,0,98,149,0,96,147,0,6,0,23,6,0,23,98,149,0,98,149,0,98,149,0,98,149,0,98,149,0,96,147,0,6,0,23,6,0,23,6,0,23,95,147,0,98,149,0,98,149,0,99,147,0,6,0,23,6,0,23
147,166,0,147,166,0,3,0,13,147,166,0,147,166,0,147,166,0,3,0,13,147,166,0,147,166,0,147,166,0,3,0,13,147,166,0,147,166,0,149,166,0,3,0,13,3,0,13,149,166,0,147,166,0,147,166,0,3,0,13,147,166,0,147,166,0,147,166,0,3,0,13,147,166,0,147,166,0,147,166,0,3,0,13,147,166,0,147,166,0,3,0,13,3,0,13,3,0,13,147,166,0,147,166,0,3,0,10,3,0,13,3,0,13,3,0,13,3,0,10,147,166,0,147,166,0,147,166,0,147,166,0,6,0,4,3,0,13,3,0,13,3,0,10,147,166,0,147,166,0,147,166,0,147,166,0,6,0,5,3,0,13,3,0,13,3,0,13,3,0,13,147,166,0,147,166,0,3,0,10,3,0,13,3,0,13
255,105,0,0,0,0,4,2,0,255,105,0,255,105,0,0,0,0,149,66,1,255,105,0,255,105,0,0,0,0,233,102,1,255,105,0,255,105,0,0,0,0,240,100,1,240,100,1,0,0,0,255,105,0,255,105,0,233,102,1,0,0,0,255,105,0,255,105,0,147,66,1,0,0,0,255,105,0,255,105,0,4,2,0,0,0,0,255,105,0,0,0,0,0,0,0,0,0,0,255,105,0,255,105,0,0,0,0,0,0,0,0,0,0,0,0,0,0,0,0,0,0,0,255,105,0,255,105,0,0,0,0,0,0,0,0,0,0,0,0,0,0,0,0,0,0,0,255,105,0,255,105,0,0,0,0,0,0,0,0,0,0,0,0,0,0,0,0,0,0,0,255,105,0,255,105,0,0,0,0,0,0,0,0,0,0
255,105,0,0,0,0,255,105,0,255,105,0,255,105,0,0,0,0,255,105,0,255,105,0,255,105,0,0,0,0,255,103,0,255,105,0,255,105,0,0,0,0,255,105,0,255,105,0,0,0,0,255,105,0,255,105,0,255,103,0,0,0,0,255,105,0,255,105,0,255,105,0,0,0,0,255,105,0,255,105,0,255,105,0,0,0,0,255,105,0,0,0,0,0,0,0,0,0,0,255,105,0,255,105,0,0,0,0,0,0,0,0,0,0,0,0,0,0,0,0,0,0,0,255,105,0,255,105,0,0,0,0,0,0,0,0,0,0,0,0,0,0,0,0,0,0,0,255,105,0,255,105,0,0,0,0,0,0,0,0,0,0,0,0,0,0,0,0,0,0,0,255,105,0,255,105,0,0,0,0,0,0,0,0,0,0
255,105,0,0,0,0,255,105,0,255,105,0,255,105,0,0,0,0,255,105,0,255,105,0,255,105,0,0,0,0,255,105,0,255,105,0,255,105,0,0,0,0,255,105,0,255,105,0,0,0,0,255,105,0,255,105,0,255,105,0,0,0,0,255,105,0,255,105,0,255,105,0,0,0,0,255,105,0,255,105,0,255,105,0,0,0,0,255,105,0,0,0,0,0,0,0,0,0,0,255,105,0,255,105,0,0,0,0,0,0,0,0,0,0,0,0,0,0,0,0,0,0,0,255,105,0,255,105,0,0,0,0,0,0,0,0,0,0,0,0,0,0,0,0,0,0,0,255,105,0,255,105,0,0,0,0,0,0,0,0,0,0,0,0,0,0,0,0,0,0,0,255,105,0,255,105,0,0,0,0,0,0,0,0,0,0
242,105,0,0,0,0,255,105,0,255,105,0,237,103,1,0,0,0,255,105,0,255,105,0,142,66,1,0,0,0,255,105,0,255,105,0,4,1,0,0,0,0,255,105,0,255,105,0,0,0,0,4,1,0,255,105,0,255,105,0,0,0,0,144,66,1,255,105,0,255,105,0,0,0,0,235,103,1,255,105,0,255,105,0,0,0,0,242,105,0,0,0,0,0,0,0,255,105,0,255,105,0,255,105,0,255,105,0,0,0,0,0,0,0,0,0,0,0,0,0,0,0,0,255,105,0,255,105,0,0,0,0,0,0,0,0,0,0,0,0,0,0,0,0,0,0,0,255,105,0,255,105,0,0,0,0,0,0,0,0,0,0,0,0,0,0,0,0,255,105,0,255,105,0,255,105,0,255,105,0,0,0,0,0,0,0
0,0,0,0,0,0,255,105,0,255,105,0,0,0,0,0,0,0,255,105,0,255,105,0,0,0,0,0,0,0,255,105,0,255,105,0,0,0,0,0,0,0,255,105,0,255,105,0,0,0,0,0,0,0,255,105,0,255,105,0,0,0,0,0,0,0,255,105,0,255,105,0,0,0,0,0,0,0,255,105,0,255,105,0,0,0,0,0,0,0,0,0,0,252,103,0,255,105,0,255,105,0,255,105,0,255,105,0,252,103,0,0,0,0,0,0,0,0,0,0,0,0,0,255,105,0,255,105,0,0,0,0,0,0,0,0,0,0,0,0,0,0,0,0,0,0,0,255,105,0,255,105,0,0,0,0,0,0,0,0,0,0,0,0,0,252,103,0,255,105,0,255,105,0,255,105,0,255,105,0,255,103,0,0,0,0
0,0,0,0,0,0,255,105,0,255,105,0,0,0,0,5,1,0,255,105,0,255,105,0,0,0,0,140,67,1,255,105,0,255,105,0,0,0,0,122,54,1,255,105,0,255,105,0,122,54,1,0,0,0,255,105,0,255,105,0,140,66,1,0,0,0,255,105,0,255,105,0,4,1,0,0,0,0,255,105,0,255,105,0,0,0,0,0,0,0,245,103,0,255,105,0,255,105,0,255,105,0,255,105,0,255,105,0,255,105,0,245,105,0,0,0,0,0,0,0,142,63,1,255,105,0,255,105,0,242,105,1,0,0,0,0,0,0,0,0,0,0,0,0,142,63,1,255,105,0,255,105,0,242,105,1,0,0,0,0,0,0,245,103,0,255,105,0,255,105,0,255,105,0,255,105,0,255,105,0,255,105,0,245,105,0
0,0,0,255,105,0,255,105,0,255,105,0,0,0,0,255,105,0,255,105,0,255,103,0,0,0,0,255,105,0,255,105,0,255,109,0,0,0,0,255,105,0,255,105,0,255,105,0,255,105,0,0,0,0,255,109,0,255,105,0,255,105,0,0,0,0,255,103,0,255,105,0,255,105,0,0,0,0,255,105,0,255,105,0,255,105,0,0,0,0,255,105,0,255,105,0,255,105,0,255,102,0,255,108,0,255,105,0,255,105,0,255,105,0,252,102,0,255,105,0,255,105,0,255,105,0,255,105,0,255,105,0,255,105,0,252,105,0,255,102,0,255,105,0,255,105,0,255,105,0,255,105,0,255,105,0,255,105,0,252,105,0,255,105,0,255,105,0,255,105,0,255,102,0,255,108,0,255,105,0,255,105,0,255,105,0
0,0,0,255,105,0,255,105,0,255,105,0,0,0,0,255,105,0,255,105,0,255,103,0,0,0,0,255,105,0,255,105,0,255,109,0,0,0,0,255,105,0,255,105,0,255,105,0,255,105,0,0,0,0,255,109,0,255,105,0,255,105,0,0,0,0,255,103,0,255,105,0,255,105,0,0,0,0,255,105,0,255,105,0,255,105,0,0,0,0,255,105,0,255,105,0,255,105,0,255,102,0,255,108,0,255,105,0,255,105,0,255,105,0,252,102,0,255,105,0,255,105,0,255,105,0,255,105,0,255,105,0,255,105,0,252,105,0,255,102,0,255,105,0,255,105,0,255,105,0,255,105,0,255,105,0,255,105,0,252,105,0,255,105,0,255,105,0,255,105,0,255,102,0,255,108,0,255,105,0,255,105,0,255,105,0
0,0,0,255,105,0,255,105,0,0,0,0,8,4,0,255,105,0,255,105,0,0,0,0,23,11,0,255,105,0,255,105,0,0,0,0,149,68,1,255,105,0,255,105,0,255,105,0,255,105,0,149,68,1,0,0,0,255,105,0,255,105,0,23,11,0,0,0,0,255,105,0,255,105,0,8,4,0,0,0,0,255,105,0,255,105,0,0,0,0,255,105,0,255,105,0,255,105,0,0,0,0,0,0,0,255,105,0,255,105,0,255,105,0,255,105,0,255,105,0,255,105,0,252,102,0,247,105,0,255,105,0,255,105,0,255,105,0,255,105,0,255,105,0,255,105,0,252,102,0,247,105,0,255,105,0,255,105,0,255,105,0,255,105,0,255,105,0,255,105,0,0,0,0,0,0,0,255,105,0,255,105,0,255,105,0
0,0,0,255,105,0,255,105,0,0,0,0,8,4,0,255,105,0,255,105,0,0,0,0,23,11,0,255,105,0,255,105,0,0,0,0,149,68,1,255,105,0,255,105,0,255,105,0,255,105,0,149,68,1,0,0,0,255,105,0,255,105,0,23,11,0,0,0,0,255,105,0,255,105,0,8,4,0,0,0,0,255,105,0,255,105,0,0,0,0,255,105,0,255,105,0,255,105,0,0,0,0,0,0,0,255,105,0,255,105,0,255,105,0,255,105,0,255,105,0,255,105,0,252,102,0,247,105,0,255,105,0,255,105,0,255,105,0,255,105,0,255,105,0,255,105,0,252,102,0,247,105,0,255,105,0,255,105,0,255,105,0,255,105,0,255,105,0,255,105,0,0,0,0,0,0,0,255,105,0,255,105,0,255,105,0
255,105,0,255,105,0,255,105,0,0,0,0,255,105,0,255,105,0,255,105,0,0,0,0,255,105,0,255,105,0,255,103,0,0,0,0,255,105,0,255,105,0,255,105,0,255,105,0,255,105,0,255,105,0,0,0,0,255,103,0,255,105,0,255,105,0,0,0,0,255,105,0,255,105,0,255,105,0,0,0,0,255,105,0,255,105,0,255,105,0,252,102,0,255,105,0,255,105,0,0,0,0,0,0,0,255,105,0,255,105,0,252,106,0,255,105,0,255,105,0,255,105,0,0,0,0,0,0,0,255,105,0,255,105,0,255,105,0,255,105,0,255,105,0,255,105,0,0,0,0,0,0,0,255,105,0,255,105,0,255,105,0,252,102,0,255,105,0,255,105,0,0,0,0,0,0,0,255,105,0,255,105,0,252,106,0
255,105,0,255,105,0,255,105,0,0,0,0,255,105,0,255,105,0,255,105,0,0,0,0,255,105,0,255,105,0,255,103,0,0,0,0,255,105,0,255,105,0,255,105,0,255,105,0,255,105,0,255,105,0,0,0,0,255,103,0,255,105,0,255,105,0,0,0,0,255,105,0,255,105,0,255,105,0,0,0,0,255,105,0,255,105,0,255,105,0,252,102,0,255,105,0,255,105,0,0,0,0,0,0,0,255,105,0,255,105,0,252,106,0,255,105,0,255,105,0,255,105,0,0,0,0,0,0,0,255,105,0,255,105,0,255,105,0,255,105,0,255,105,0,255,105,0,0,0,0,0,0,0,255,105,0,255,105,0,255,105,0,252,102,0,255,105,0,255,105,0,0,0,0,0,0,0,255,105,0,255,105,0,252,106,0
255,105,0,255,105,0,0,0,0,0,0,0,255,105,0,255,105,0,0,0,0,9,4,0,255,105,0,255,105,0,0,0,0,64,31,1,255,105,0,255,105,0,0,0,0,0,0,0,255,105,0,255,105,0,63,31,1,0,0,0,255,105,0,255,105,0,9,4,0,0,0,0,255,105,0,255,105,0,0,0,0,0,0,0,255,105,0,255,105,0,0,0,0,115,52,1,255,105,0,255,105,0,255,105,0,255,105,0,240,105,1,0,0,0,252,106,0,255,105,0,255,105,0,45,21,0,0,0,0,255,105,0,255,105,0,252,105,0,252,106,0,255,105,0,255,105,0,44,20,0,0,0,0,255,105,0,255,105,0,252,105,0,0,0,0,119,52,1,255,105,0,255,105,0,255,105,0,255,105,0,240,105,1,0,0,0
255,105,0,255,105,0,0,0,0,0,0,0,255,105,0,255,105,0,0,0,0,9,4,0,255,105,0,255,105,0,0,0,0,64,31,1,255,105,0,255,105,0,0,0,0,0,0,0,255,105,0,255,105,0,63,31,1,0,0,0,255,105,0,255,105,0,9,4,0,0,0,0,255,105,0,255,105,0,0,0,0,0,0,0,255,105,0,255,105,0,0,0,0,115,52,1,255,105,0,255,105,0,255,105,0,255,105,0,240,105,1,0,0,0,252,106,0,255,105,0,255,105,0,45,21,0,0,0,0,255,105,0,255,105,0,252,105,0,252,106,0,255,105,0,255,105,0,44,20,0,0,0,0,255,105,0,255,105,0,252,105,0,0,0,0,119,52,1,255,105,0,255,105,0,255,105,0,255,105,0,240,105,1,0,0,0
255,105,0,255,105,0,0,0,0,255,105,0,255,105,0,255,105,0,0,0,0,255,105,0,255,105,0,255,105,0,0,0,0,255,105,0,255,105,0,255,105,0,0,0,0,0,0,0,255,105,0,255,105,0,255,105,0,0,0,0,255,105,0,255,105,0,255,105,0,0,0,0,255,105,0,255,105,0,255,105,0,0,0,0,255,105,0,255,105,0,0,0,0,0,0,0,252,108,0,255,105,0,255,105,0,252,105,0,0,0,0,0,0,0,0,0,0,255,105,0,255,105,0,255,105,0,255,105,0,255,105,0,255,105,0,0,0,0,0,0,0,255,105,0,255,105,0,255,105,0,255,105,0,255,105,0,255,105,0,0,0,0,0,0,0,0,0,0,252,108,0,255,105,0,255,105,0,252,105,0,0,0,0,0,0,0
255,105,0,255,106,0,0,0,0,255,105,0,255,105,0,255,105,0,0,0,0,255,105,0,255,105,0,255,105,0,0,0,0,255,105,0,255,105,0,255,108,0,0,0,0,0,0,0,255,108,0,255,105,0,255,105,0,0,0,0,255,105,0,255,105,0,255,105,0,0,0,0,255,105,0,255,105,0,255,105,0,0,0,0,255,106,0,255,105,0,0,0,0,0,0,0,0,0,0,255,105,0,255,105,0,9,4,0,0,0,0,0,0,0,0,0,0,8,3,0,255,105,0,255,105,0,255,105,0,255,105,0,80,34,1,0,0,0,0,0,0,9,4,0,255,105,0,255,105,0,255,105,0,255,105,0,77,34,1,0,0,0,0,0,0,0,0,0,0,0,0,255,105,0,255,105,0,8,4,0,0,0,0,0,0,0
255,105,0,255,105,0,0,0,0,255,105,0,255,105,0,255,105,0,0,0,0,255,105,0,255,105,0,255,105,0,0,0,0,255,105,0,255,105,0,255,105,0,0,0,0,0,0,0,255,105,0,255,105,0,255,105,0,0,0,0,255,105,0,255,105,0,255,105,0,0,0,0,255,105,0,255,105,0,255,105,0,0,0,0,255,105,0,255,105,0,0,0,0,0,0,0,252,108,0,255,105,0,255,105,0,252,105,0,0,0,0,0,0,0,0,0,0,255,105,0,255,105,0,255,105,0,255,105,0,255,105,0,255,105,0,0,0,0,0,0,0,255,105,0,255,105,0,255,105,0,255,105,0,255,105,0,255,105,0,0,0,0,0,0,0,0,0,0,252,108,0,255,105,0,255,105,0,252,105,0,0,0,0,0,0,0
255,105,0,255,105,0,0,0,0,255,105,0,255,105,0,255,105,0,0,0,0,255,105,0,255,105,0,255,105,0,0,0,0,255,105,0,255,105,0,255,105,0,0,0,0,0,0,0,255,105,0,255,105,0,255,105,0,0,0,0,255,105,0,255,105,0,255,105,0,0,0,0,255,105,0,255,105,0,255,105,0,0,0,0,255,105,0,255,105,0,0,0,0,0,0,0,252,108,0,255,105,0,255,105,0,252,105,0,0,0,0,0,0,0,0,0,0,255,105,0,255,105,0,255,105,0,255,105,0,255,105,0,255,105,0,0,0,0,0,0,0,255,105,0,255,105,0,255,105,0,255,105,0,255,105,0,255,105,0,0,0,0,0,0,0,0,0,0,252,108,0,255,105,0,255,105,0,252,105,0,0,0,0,0,0,0
255,105,0,255,105,0,0,0,0,0,0,0,255,105,0,255,105,0,0,0,0,9,4,0,255,105,0,255,105,0,0,0,0,64,31,1,255,105,0,255,105,0,0,0,0,0,0,0,255,105,0,255,105,0,63,31,1,0,0,0,255,105,0,255,105,0,9,4,0,0,0,0,255,105,0,255,105,0,0,0,0,0,0,0,255,105,0,255,105,0,0,0,0,115,52,1,255,105,0,255,105,0,255,105,0,255,105,0,240,105,1,0,0,0,252,106,0,255,105,0,255,105,0,45,21,0,0,0,0,255,105,0,255,105,0,252,105,0,252,106,0,255,105,0,255,105,0,44,20,0,0,0,0,255,105,0,255,105,0,252,105,0,0,0,0,119,52,1,255,105,0,255,105,0,255,105,0,255,105,0,240,105,1,0,0,0
255,105,0,255,105,0,0,0,0,0,0,0,255,105,0,255,105,0,0,0,0,0,0,0,255,105,0,255,105,0,0,0,0,0,0,0,255,105,0,255,105,0,0,0,0,0,0,0,255,105,0,255,105,0,0,0,0,0,0,0,255,105,0,255,105,0,0,0,0,0,0,0,255,105,0,255,105,0,0,0,0,0,0,0,255,105,0,255,105,0,0,0,0,255,105,0,255,105,0,255,105,0,255,105,0,255,105,0,255,105,0,0,0,0,255,105,0,255,105,0,255,105,0,0,0,0,0,0,0,255,105,0,255,105,0,255,105,0,255,105,0,255,105,0,255,105,0,0,0,0,0,0,0,255,105,0,255,105,0,255,105,0,0,0,0,255,105,0,255,105,0,255,105,0,255,105,0,255,105,0,255,105,0,0,0,0
255,105,0,255,105,0,255,105,0,0,0,0,255,105,0,255,105,0,255,105,0,0,0,0,255,105,0,255,105,0,255,103,0,0,0,0,255,105,0,255,105,0,255,105,0,255,105,0,255,105,0,255,105,0,0,0,0,255,103,0,255,105,0,255,105,0,0,0,0,255,105,0,255,105,0,255,105,0,0,0,0,255,105,0,255,105,0,255,105,0,252,102,0,255,105,0,255,105,0,0,0,0,0,0,0,255,105,0,255,105,0,252,106,0,255,105,0,255,105,0,255,105,0,0,0,0,0,0,0,255,105,0,255,105,0,255,105,0,255,105,0,255,105,0,255,105,0,0,0,0,0,0,0,255,105,0,255,105,0,255,105,0,252,102,0,255,105,0,255,105,0,0,0,0,0,0,0,255,105,0,255,105,0,252,106,0
197,87,1,255,105,0,255,105,0,0,0,0,247,105,0,255,105,0,255,105,0,0,0,0,250,105,0,255,105,0,255,105,0,0,0,0,252,102,0,255,105,0,255,105,0,255,105,0,255,105,0,252,102,0,0,0,0,255,105,0,255,105,0,250,105,0,0,0,0,255,105,0,255,105,0,247,105,0,0,0,0,255,105,0,255,105,0,197,87,1,255,105,0,255,105,0,255,105,0,0,0,0,0,0,0,255,105,0,255,105,0,255,105,0,255,105,0,255,105,0,255,105,0,33,14,0,0,0,0,255,105,0,255,105,0,255,105,0,255,105,0,255,105,0,255,105,0,33,14,0,0,0,0,255,105,0,255,105,0,255,105,0,255,105,0,255,105,0,255,105,0,0,0,0,0,0,0,255,105,0,255,105,0,255,105,0
197,87,1,255,105,0,255,105,0,0,0,0,247,105,0,255,105,0,255,105,0,0,0,0,250,105,0,255,105,0,255,105,0,0,0,0,252,102,0,255,105,0,255,105,0,255,105,0,255,105,0,252,102,0,0,0,0,255,105,0,255,105,0,250,105,0,0,0,0,255,105,0,255,105,0,247,105,0,0,0,0,255,105,0,255,105,0,197,87,1,255,105,0,255,105,0,255,105,0,0,0,0,0,0,0,255,105,0,255,105,0,255,105,0,255,105,0,255,105,0,255,105,0,33,14,0,0,0,0,255,105,0,255,105,0,255,105,0,255,105,0,255,105,0,255,105,0,33,14,0,0,0,0,255,105,0,255,105,0,255,105,0,255,105,0,255,105,0,255,105,0,0,0,0,0,0,0,255,105,0,255,105,0,255,105,0
0,0,0,255,105,0,255,105,0,0,0,0,0,0,0,255,105,0,255,105,0,0,0,0,0,0,0,255,105,0,255,105,0,0,0,0,0,0,0,255,105,0,255,105,0,255,105,0,255,105,0,0,0,0,0,0,0,255,105,0,255,105,0,0,0,0,0,0,0,255,105,0,255,105,0,0,0,0,0,0,0,255,105,0,255,105,0,0,0,0,255,105,0,255,105,0,255,105,0,0,0,0,0,0,0,255,105,0,255,105,0,255,105,0,255,105,0,255,105,0,255,105,0,255,105,0,255,105,0,255,105,0,255,105,0,255,105,0,255,105,0,255,105,0,255,105,0,255,105,0,255,105,0,255,105,0,255,105,0,255,105,0,255,105,0,255,105,0,255,105,0,0,0,0,0,0,0,255,105,0,255,105,0,255,105,0
0,0,0,255,105,0,255,105,0,255,105,0,0,0,0,255,105,0,255,105,0,255,103,0,0,0,0,255,105,0,255,105,0,255,109,0,0,0,0,255,105,0,255,105,0,255,105,0,255,105,0,0,0,0,255,109,0,255,105,0,255,105,0,0,0,0,255,103,0,255,105,0,255,105,0,0,0,0,255,105,0,255,105,0,255,105,0,0,0,0,255,105,0,255,105,0,255,105,0,255,102,0,255,108,0,255,105,0,255,105,0,255,105,0,252,102,0,255,105,0,255,105,0,255,105,0,255,105,0,255,105,0,255,105,0,252,105,0,255,102,0,255,105,0,255,105,0,255,105,0,255,105,0,255,105,0,255,105,0,252,105,0,255,105,0,255,105,0,255,105,0,255,102,0,255,108,0,255,105,0,255,105,0,255,105,0
0,0,0,255,103,0,255,105,0,255,105,0,0,0,0,255,105,0,255,105,0,255,105,0,0,0,0,255,105,0,255,105,0,255,105,0,0,0,0,255,105,0,255,105,0,255,105,0,255,105,0,0,0,0,255,105,0,255,105,0,255,105,0,0,0,0,255,105,0,255,105,0,255,105,0,0,0,0,255,105,0,255,105,0,255,103,0,0,0,0,255,105,0,255,105,0,255,105,0,255,105,0,255,105,0,255,105,0,255,105,0,255,105,0,0,0,0,252,106,0,255,105,0,255,105,0,255,105,0,255,105,0,252,102,0,0,0,0,0,0,0,252,106,0,255,105,0,255,105,0,255,105,0,255,105,0,252,103,0,0,0,0,255,105,0,255,105,0,255,105,0,255,105,0,255,105,0,255,105,0,255,105,0,255,105,0
0,0,0,255,103,0,255,105,0,255,105,0,0,0,0,255,105,0,255,105,0,255,105,0,0,0,0,250,102,0,255,105,0,255,105,0,0,0,0,252,103,0,255,105,0,255,105,0,252,103,0,0,0,0,255,105,0,255,105,0,250,102,0,0,0,0,255,105,0,255,105,0,255,105,0,0,0,0,255,105,0,255,105,0,252,103,0,0,0,0,255,105,0,255,105,0,255,105,0,255,105,0,255,105,0,255,105,0,255,105,0,255,105,0,0,0,0,0,0,0,255,105,0,255,105,0,255,105,0,255,105,0,9,4,0,0,0,0,0,0,0,0,0,0,255,105,0,255,105,0,255,105,0,255,105,0,9,4,0,0,0,0,255,105,0,255,105,0,255,105,0,255,105,0,255,105,0,255,105,0,255,105,0,255,105,0
0,0,0,0,0,0,255,105,0,255,105,0,0,0,0,0,0,0,255,105,0,255,105,0,0,0,0,0,0,0,255,105,0,255,105,0,0,0,0,0,0,0,255,105,0,255,105,0,0,0,0,0,0,0,255,105,0,255,105,0,0,0,0,0,0,0,255,105,0,255,105,0,0,0,0,0,0,0,255,105,0,255,105,0,0,0,0,0,0,0,0,0,0,252,103,0,255,105,0,255,105,0,255,105,0,255,105,0,252,103,0,0,0,0,0,0,0,0,0,0,0,0,0,255,105,0,255,105,0,0,0,0,0,0,0,0,0,0,0,0,0,0,0,0,0,0,0,255,105,0,255,105,0,0,0,0,0,0,0,0,0,0,0,0,0,252,103,0,255,105,0,255,105,0,255,105,0,255,105,0,255,103,0,0,0,0
0,0,0,0,0,0,255,105,0,255,105,0,0,0,0,0,0,0,255,105,0,255,105,0,0,0,0,0,0,0,255,105,0,255,105,0,0,0,0,0,0,0,255,105,0,255,105,0,0,0,0,0,0,0,255,105,0,255,105,0,0,0,0,0,0,0,255,105,0,255,105,0,0,0,0,0,0,0,255,105,0,255,105,0,0,0,0,0,0,0,0,0,0,252,103,0,255,105,0,255,105,0,255,105,0,255,105,0,252,103,0,0,0,0,0,0,0,0,0,0,0,0,0,255,105,0,255,105,0,0,0,0,0,0,0,0,0,0,0,0,0,0,0,0,0,0,0,255,105,0,255,105,0,0,0,0,0,0,0,0,0,0,0,0,0,252,103,0,255,105,0,255,105,0,255,105,0,255,105,0,255,103,0,0,0,0
255,105,0,0,0,0,255,105,0,255,105,0,252,103,0,0,0,0,255,105,0,255,105,0,252,105,0,0,0,0,255,105,0,255,105,0,255,105,0,0,0,0,255,105,0,255,105,0,0,0,0,255,105,0,255,105,0,255,105,0,0,0,0,252,105,0,255,105,0,255,105,0,0,0,0,252,103,0,255,105,0,255,105,0,0,0,0,255,105,0,0,0,0,0,0,0,47,20,0,255,105,0,255,105,0,119,53,1,0,0,0,0,0,0,0,0,0,0,0,0,0,0,0,255,105,0,255,105,0,0,0,0,0,0,0,0,0,0,0,0,0,0,0,0,0,0,0,255,105,0,255,105,0,0,0,0,0,0,0,0,0,0,0,0,0,0,0,0,46,19,0,255,105,0,255,105,0,119,53,1,0,0,0,0,0,0
255,105,0,0,0,0,255,105,0,255,105,0,255,105,0,0,0,0,255,105,0,255,105,0,255,105,0,0,0,0,255,103,0,255,105,0,255,105,0,0,0,0,255,105,0,255,105,0,0,0,0,255,105,0,255,105,0,255,103,0,0,0,0,255,105,0,255,105,0,255,105,0,0,0,0,255,105,0,255,105,0,255,105,0,0,0,0,255,105,0,0,0,0,0,0,0,0,0,0,255,105,0,255,105,0,0,0,0,0,0,0,0,0,0,0,0,0,0,0,0,0,0,0,255,105,0,255,105,0,0,0,0,0,0,0,0,0,0,0,0,0,0,0,0,0,0,0,255,105,0,255,105,0,0,0,0,0,0,0,0,0,0,0,0,0,0,0,0,0,0,0,255,105,0,255,105,0,0,0,0,0,0,0,0,0,0
186,162,0,172,145,0,1,0,7,186,162,0,186,162,0,108,83,2,1,0,7,186,162,0,186,162,0,25,12,1,1,0,7,186,162,0,186,162,0,11,3,3,1,0,7,1,0,7,11,3,3,186,162,0,186,162,0,1,0,7,25,12,1,186,162,0,186,162,0,1,0,7,108,83,2,186,162,0,186,162,0,1,0,7,172,145,0,186,162,0,1,0,7,1,0,7,1,0,7,186,162,0,186,162,0,1,0,7,1,0,7,1,0,7,1,0,7,1,0,7,186,162,0,186,162,0,186,162,0,186,162,0,1,0,7,1,0,7,1,0,7,1,0,7,186,162,0,186,162,0,186,162,0,186,162,0,1,0,7,1,0,7,1,0,7,1,0,7,1,0,7,186,162,0,186,162,0,1,0,7,1,0,7,1,0,7
147,166,0,147,166,0,3,0,13,147,166,0,147,166,0,147,166,0,3,0,13,147,166,0,147,166,0,147,166,0,3,0,13,147,166,0,147,166,0,149,166,0,3,0,13,3,0,13,149,166,0,147,166,0,147,166,0,3,0,13,147,166,0,147,166,0,147,166,0,3,0,13,147,166,0,147,166,0,147,166,0,3,0,13,147,166,0,147,166,0,3,0,13,3,0,13,3,0,13,147,166,0,147,166,0,3,0,10,3,0,13,3,0,13,3,0,13,3,0,10,147,166,0,147,166,0,147,166,0,147,166,0,6,0,4,3,0,13,3,0,13,3,0,10,147,166,0,147,166,0,147,166,0,147,166,0,6,0,5,3,0,13,3,0,13,3,0,13,3,0,13,147,166,0,147,166,0,3,0,10,3,0,13,3,0,13
98,149,0,98,149,0,6,0,23,98,149,0,98,149,0,98,149,0,6,0,23,98,149,0,98,149,0,98,149,0,6,0,23,98,149,0,98,149,0,98,149,0,6,0,23,6,0,23,98,149,0,98,149,0,98,149,0,6,0,23,98,149,0,98,149,0,98,149,0,6,0,23,98,149,0,98,149,0,98,149,0,6,0,23,98,149,0,98,149,0,6,0,23,6,0,23,95,147,0,98,149,0,98,149,0,99,147,0,6,0,23,6,0,23,6,0,23,98,149,0,98,149,0,98,149,0,98,149,0,98,149,0,96,147,0,6,0,23,6,0,23,98,149,0,98,149,0,98,149,0,98,149,0,98,149,0,96,147,0,6,0,23,6,0,23,6,0,23,95,147,0,98,149,0,98,149,0,99,147,0,6,0,23,6,0,23
13,100,0,13,100,0,21,0,79,21,0,78,13,100,0,13,100,0,21,0,79,19,0,71,13,100,0,13,100,0,21,0,78,20,0,49,13,100,0,13,100,0,21,0,79,21,0,79,13,100,0,13,100,0,20,0,49,21,0,78,13,100,0,13,100,0,19,0,71,21,0,79,13,100,0,13,100,0,21,0,78,21,0,79,13,100,0,13,100,0,21,0,79,14,95,0,13,100,0,13,100,0,13,100,0,13,100,0,13,99,0,21,0,79,13,100,0,13,100,0,13,100,0,19,0,67,21,0,80,13,100,0,13,100,0,13,99,0,13,100,0,13,100,0,13,100,0,19,0,67,21,0,80,13,100,0,13,100,0,13,99,0,21,0,79,14,95,0,13,100,0,13,100,0,13,100,0,13,100,0,13,99,0,21,0,79
6,125,0,6,125,0,11,65,5,27,0,102,6,125,0,6,125,0,29,5,42,27,0,102,6,125,0,6,125,0,19,4,45,27,0,102,6,125,0,6,125,0,23,0,85,23,0,85,6,125,0,6,125,0,27,0,102,19,4,45,6,125,0,6,125,0,27,0,102,29,5,42,6,125,0,6,125,0,27,0,102,11,65,5,6,125,0,6,125,0,26,0,103,6,125,0,6,125,0,6,125,0,6,123,0,6,125,0,6,125,0,27,0,102,6,125,0,6,125,0,6,125,0,27,0,102,27,0,102,6,125,0,6,125,0,6,125,0,6,125,0,6,125,0,6,125,0,27,0,102,27,0,102,6,125,0,6,125,0,6,125,0,26,0,103,6,125,0,6,125,0,6,125,0,6,123,0,6,125,0,6,125,0,27,0,102
6,125,0,6,125,0,11,65,5,27,0,102,6,125,0,6,125,0,29,5,42,27,0,102,6,125,0,6,125,0,19,4,45,27,0,102,6,125,0,6,125,0,23,0,85,23,0,85,6,125,0,6,125,0,27,0,102,19,4,45,6,125,0,6,125,0,27,0,102,29,5,42,6,125,0,6,125,0,27,0,102,11,65,5,6,125,0,6,125,0,26,0,103,6,125,0,6,125,0,6,125,0,6,123,0,6,125,0,6,125,0,27,0,102,6,125,0,6,125,0,6,125,0,27,0,102,27,0,102,6,125,0,6,125,0,6,125,0,6,125,0,6,125,0,6,125,0,27,0,102,27,0,102,6,125,0,6,125,0,6,125,0,26,0,103,6,125,0,6,125,0,6,125,0,6,123,0,6,125,0,6,125,0,27,0,102
2,151,0,2,151,0,2,151,0,33,0,130,2,151,0,2,151,0,2,151,0,33,0,130,2,151,0,2,151,0,2,151,0,33,0,130,2,151,0,2,151,0,2,151,0,2,151,0,2,151,0,2,151,0,33,0,130,2,151,0,2,151,0,2,151,0,33,0,130,2,151,0,2,151,0,2,151,0,33,0,130,2,151,0,2,151,0,2,151,0,2,151,0,2,151,0,2,151,0,33,0,130,33,0,130,2,151,0,2,151,0,2,151,0,2,151,0,2,151,0,2,151,0,34,0,130,33,0,130,2,151,0,2,151,0,2,151,0,2,151,0,2,151,0,2,151,0,34,0,130,33,0,130,2,151,0,2,151,0,2,151,0,2,151,0,2,151,0,2,151,0,33,0,130,33,0,130,2,151,0,2,151,0,2,151,0
42,0,164,0,180,0,0,180,0,42,0,164,42,0,162,0,180,0,0,180,0,42,0,164,42,0,162,0,180,0,0,180,0,42,0,164,42,0,164,0,180,0,0,180,0,0,180,0,0,180,0,42,0,164,42,0,164,0,180,0,0,180,0,42,0,162,42,0,164,0,180,0,0,180,0,42,0,162,42,0,164,0,180,0,0,180,0,42,0,164,0,180,0,0,180,0,0,180,0,42,0,164,42,0,164,0,180,0,0,180,0,0,180,0,0,180,0,0,180,0,0,180,0,0,180,0,0,180,0,0,180,0,0,180,0,0,180,0,0,180,0,0,180,0,0,180,0,0,180,0,0,180,0,0,180,0,0,180,0,0,180,0,0,180,0,0,180,0,0,180,0,42,0,164,42,0,164,0,180,0,0,180,0,0,180,0
52,0,199,0,207,0,0,207,0,7,31,25,52,0,199,0,207,0,0,207,0,22,3,85,52,0,199,0,207,0,0,207,0,37,0,142,52,0,199,0,207,0,0,207,0,0,207,0,0,207,0,52,0,199,37,0,142,0,207,0,0,207,0,52,0,199,22,3,85,0,207,0,0,207,0,52,0,199,7,31,25,0,207,0,0,207,0,52,0,199,0,207,0,0,207,0,0,207,0,50,0,197,52,0,197,0,207,0,0,207,0,0,207,0,0,207,0,0,207,0,0,207,0,0,207,0,0,207,0,0,207,0,0,207,0,0,207,0,0,207,0,0,207,0,0,207,0,0,207,0,0,207,0,0,207,0,0,207,0,0,207,0,0,207,0,0,207,0,0,207,0,50,0,197,52,0,197,0,207,0,0,207,0,0,207,0
52,0,199,0,207,0,0,207,0,0,207,0,52,0,199,0,207,0,0,207,0,0,207,0,52,0,199,0,207,0,0,207,0,0,207,0,52,0,199,0,207,0,0,207,0,0,207,0,0,207,0,52,0,199,0,207,0,0,207,0,0,207,0,52,0,199,0,207,0,0,207,0,0,207,0,52,0,199,0,207,0,0,207,0,0,207,0,52,0,199,0,207,0,0,207,0,0,207,0,0,207,0,0,207,0,0,207,0,0,207,0,0,207,0,39,0,166,0,207,0,0,207,0,0,207,0,0,207,0,0,207,0,0,207,0,21,4,89,40,0,166,0,207,0,0,207,0,0,207,0,0,207,0,0,207,0,0,207,0,21,4,88,0,207,0,0,207,0,0,207,0,0,207,0,0,207,0,0,207,0,0,207,0,0,207,0
52,0,199,2,75,10,0,207,0,0,207,0,52,0,199,0,180,0,0,207,0,0,207,0,52,0,199,0,201,0,0,207,0,0,207,0,52,0,199,0,207,0,0,212,0,0,212,0,0,207,0,52,0,199,0,207,0,0,207,0,0,201,0,52,0,199,0,207,0,0,207,0,0,180,0,52,0,199,0,207,0,0,207,0,2,75,10,52,0,199,0,207,0,0,207,0,0,207,0,0,207,0,0,207,0,0,207,0,0,207,0,0,207,0,52,0,199,52,0,199,0,205,0,0,207,0,0,207,0,0,207,0,52,0,201,52,0,199,52,0,199,52,0,199,0,205,0,0,207,0,0,207,0,0,207,0,52,0,201,52,0,199,0,205,0,0,207,0,0,207,0,0,207,0,0,207,0,0,207,0,0,207,0,0,207,0
7,31,25,52,0,199,0,207,0,0,207,0,22,4,87,52,0,199,0,207,0,0,207,0,41,0,155,52,0,199,0,207,0,0,207,0,46,0,188,51,0,199,0,207,0,0,207,0,51,0,199,46,0,188,0,207,0,0,207,0,52,0,199,41,0,153,0,207,0,0,207,0,52,0,199,22,4,87,0,207,0,0,207,0,52,0,199,7,31,25,52,0,199,22,4,83,0,207,0,0,207,0,0,207,0,0,207,0,22,5,85,52,0,199,52,0,199,52,0,199,52,0,199,0,207,0,0,207,0,52,0,199,52,0,199,52,0,199,52,0,199,52,0,199,52,0,199,0,207,0,0,207,0,52,0,199,52,0,199,52,0,199,52,0,199,22,4,85,0,207,0,0,207,0,0,207,0,0,207,0,22,5,85,52,0,199
0,207,0,52,0,199,0,207,0,0,207,0,0,207,0,52,0,199,0,207,0,0,207,0,0,207,0,52,0,199,0,207,0,0,207,0,0,207,0,52,0,199,0,207,0,0,207,0,52,0,199,0,207,0,0,207,0,0,207,0,52,0,199,0,207,0,0,207,0,0,207,0,52,0,199,0,207,0,0,207,0,0,207,0,52,0,199,0,207,0,52,0,199,52,0,199,52,0,199,0,207,0,0,207,0,52,0,199,52,0,199,52,0,199,52,0,199,52,0,199,52,0,199,0,207,0,0,207,0,52,0,199,52,0,199,52,0,199,52,0,199,52,0,199,52,0,199,0,207,0,0,207,0,52,0,199,52,0,199,52,0,199,52,0,199,52,0,199,52,0,199,0,207,0,0,207,0,52,0,199,52,0,199,52,0,199
0,207,0,52,0,199,0,207,0,0,207,0,0,207,0,52,0,199,0,207,0,0,207,0,0,207,0,52,0,199,0,205,0,0,207,0,0,207,0,52,0,199,0,207,0,0,207,0,52,0,199,0,207,0,0,207,0,0,205,0,52,0,199,0,207,0,0,207,0,0,207,0,52,0,199,0,207,0,0,207,0,0,207,0,52,0,199,0,207,0,52,0,199,52,0,199,52,0,199,0,207,0,0,207,0,52,0,199,52,0,199,52,0,199,52,0,199,52,0,199,52,0,199,0,207,0,0,207,0,52,0,199,52,0,199,52,0,199,52,0,199,52,0,199,52,0,199,0,207,0,0,207,0,52,0,199,52,0,199,52,0,199,52,0,199,52,0,199,52,0,199,0,207,0,0,207,0,52,0,199,52,0,199,52,0,199
0,207,0,52,0,199,0,172,0,0,207,0,0,207,0,52,0,199,0,199,0,0,207,0,0,207,0,52,0,199,0,207,0,0,207,0,0,207,0,52,0,199,0,201,0,0,201,0,52,0,199,0,207,0,0,207,0,0,207,0,52,0,199,0,207,0,0,207,0,0,199,0,52,0,199,0,207,0,0,207,0,0,172,0,52,0,199,0,207,0,52,0,199,52,0,199,52,0,199,0,207,0,0,207,0,52,0,199,52,0,199,52,0,199,52,0,199,52,0,199,52,0,199,0,207,0,0,207,0,51,0,199,52,0,199,52,0,199,52,0,199,52,0,199,52,0,199,0,207,0,0,207,0,51,0,199,52,0,199,52,0,199,52,0,199,52,0,199,52,0,199,0,207,0,0,207,0,52,0,199,52,0,199,52,0,199
0,207,0,24,18,45,52,0,199,0,207,0,0,207,0,31,0,140,52,0,199,0,207,0,0,207,0,48,0,186,52,0,199,0,207,0,0,207,0,51,0,197,52,0,199,52,0,199,51,0,197,0,207,0,0,207,0,52,0,199,48,0,186,0,207,0,0,207,0,52,0,199,31,0,140,0,207,0,0,207,0,52,0,199,24,18,45,0,207,0,52,0,199,52,0,199,52,0,199,0,207,0,0,207,0,52,0,199,52,0,199,52,0,199,52,0,199,52,0,199,0,207,0,0,207,0,0,207,0,0,207,0,52,0,199,52,0,199,52,0,199,52,0,199,0,207,0,0,207,0,0,207,0,0,207,0,52,0,199,52,0,199,52,0,199,52,0,199,52,0,199,0,207,0,0,207,0,52,0,199,52,0,199,52,0,199
0,207,0,0,207,0,52,0,199,0,207,0,0,207,0,0,197,0,52,0,199,0,207,0,0,207,0,0,207,0,52,0,199,0,207,0,0,207,0,0,207,0,52,0,199,52,0,199,0,207,0,0,207,0,0,207,0,52,0,199,0,207,0,0,207,0,0,207,0,52,0,199,0,197,0,0,207,0,0,207,0,52,0,199,0,207,0,0,207,0,52,0,199,52,0,199,50,0,197,0,207,0,0,207,0,52,0,197,52,0,199,52,0,199,52,0,199,52,0,197,0,207,0,0,207,0,0,207,0,0,207,0,52,0,199,52,0,199,52,0,199,52,0,197,0,207,0,0,207,0,0,207,0,0,207,0,52,0,199,52,0,199,52,0,199,52,0,199,50,0,197,0,207,0,0,207,0,52,0,197,52,0,199,52,0,199
0,207,0,0,207,0,52,0,199,0,207,0,0,207,0,0,207,0,52,0,199,0,207,0,0,207,0,0,207,0,52,0,199,0,207,0,0,207,0,0,207,0,52,0,199,52,0,199,0,207,0,0,207,0,0,207,0,52,0,199,0,207,0,0,207,0,0,207,0,52,0,199,0,207,0,0,207,0,0,207,0,52,0,199,0,207,0,0,207,0,52,0,199,52,0,199,1,149,3,0,207,0,0,207,0,0,197,0,52,0,199,52,0,199,52,0,199,0,194,0,0,207,0,0,207,0,0,207,0,0,207,0,0,207,0,52,0,199,52,0,199,0,194,0,0,207,0,0,207,0,0,207,0,0,207,0,0,207,0,52,0,199,52,0,199,52,0,199,1,151,3,0,207,0,0,207,0,0,197,0,52,0,199,52,0,199
0,192,0,0,192,0,47,0,180,0,192,0,0,192,0,0,192,0,47,0,180,0,190,0,0,192,0,0,192,0,47,0,180,0,192,0,0,192,0,0,192,0,47,0,180,47,0,180,0,192,0,0,192,0,0,192,0,47,0,180,0,192,0,0,192,0,0,190,0,47,0,180,0,192,0,0,192,0,0,192,0,47,0,180,0,192,0,0,192,0,47,0,180,47,0,180,0,192,0,0,192,0,0,192,0,0,192,0,47,0,180,47,0,180,47,0,180,0,192,0,0,192,0,0,192,0,0,192,0,0,192,0,0,192,0,46,0,180,47,0,180,0,192,0,0,192,0,0,192,0,0,192,0,0,192,0,0,192,0,46,0,180,47,0,180,47,0,180,0,192,0,0,192,0,0,192,0,0,192,0,47,0,180,47,0,180
0,192,0,0,192,0,47,0,180,0,192,0,0,192,0,0,192,0,47,0,180,0,190,0,0,192,0,0,192,0,47,0,180,0,192,0,0,192,0,0,192,0,47,0,180,47,0,180,0,192,0,0,192,0,0,192,0,47,0,180,0,192,0,0,192,0,0,190,0,47,0,180,0,192,0,0,192,0,0,192,0,47,0,180,0,192,0,0,192,0,47,0,180,47,0,180,0,192,0,0,192,0,0,192,0,0,192,0,47,0,180,47,0,180,47,0,180,0,192,0,0,192,0,0,192,0,0,192,0,0,192,0,0,192,0,46,0,180,47,0,180,0,192,0,0,192,0,0,192,0,0,192,0,0,192,0,0,192,0,46,0,180,47,0,180,47,0,180,0,192,0,0,192,0,0,192,0,0,192,0,47,0,180,47,0,180
0,207,0,0,207,0,52,0,199,0,207,0,0,207,0,0,197,0,52,0,199,0,207,0,0,207,0,0,207,0,52,0,199,0,207,0,0,207,0,0,207,0,52,0,199,52,0,199,0,207,0,0,207,0,0,207,0,52,0,199,0,207,0,0,207,0,0,207,0,52,0,199,0,197,0,0,207,0,0,207,0,52,0,199,0,207,0,0,207,0,52,0,199,52,0,199,50,0,197,0,207,0,0,207,0,52,0,197,52,0,199,52,0,199,52,0,199,52,0,197,0,207,0,0,207,0,0,207,0,0,207,0,52,0,199,52,0,199,52,0,199,52,0,197,0,207,0,0,207,0,0,207,0,0,207,0,52,0,199,52,0,199,52,0,199,52,0,199,50,0,197,0,207,0,0,207,0,52,0,197,52,0,199,52,0,199
0,207,0,52,0,199,48,0,199,0,207,0,0,207,0,52,0,199,52,0,199,0,207,0,0,207,0,52,0,199,52,0,201,0,207,0,0,207,0,52,0,197,49,0,192,49,0,192,52,0,197,0,207,0,0,207,0,52,0,201,52,0,199,0,207,0,0,207,0,52,0,199,52,0,199,0,207,0,0,207,0,48,0,199,52,0,199,0,207,0,52,0,199,52,0,199,52,0,199,0,207,0,0,207,0,52,0,199,52,0,199,52,0,199,52,0,199,52,0,199,18,24,46,0,207,0,0,207,0,2,120,4,52,0,199,52,0,199,52,0,199,52,0,199,18,25,46,0,207,0,0,207,0,2,120,4,52,0,199,52,0,199,52,0,199,52,0,199,52,0,199,0,207,0,0,207,0,52,0,199,52,0,199,52,0,199
0,207,0,52,0,199,0,172,0,0,207,0,0,207,0,52,0,199,0,199,0,0,207,0,0,207,0,52,0,199,0,207,0,0,207,0,0,207,0,52,0,199,0,201,0,0,201,0,52,0,199,0,207,0,0,207,0,0,207,0,52,0,199,0,207,0,0,207,0,0,199,0,52,0,199,0,207,0,0,207,0,0,172,0,52,0,199,0,207,0,52,0,199,52,0,199,52,0,199,0,207,0,0,207,0,52,0,199,52,0,199,52,0,199,52,0,199,52,0,199,52,0,199,0,207,0,0,207,0,51,0,199,52,0,199,52,0,199,52,0,199,52,0,199,52,0,199,0,207,0,0,207,0,51,0,199,52,0,199,52,0,199,52,0,199,52,0,199,52,0,199,0,207,0,0,207,0,52,0,199,52,0,199,52,0,199
0,207,0,52,0,199,0,207,0,0,207,0,0,207,0,52,0,199,0,207,0,0,207,0,0,207,0,52,0,199,0,207,0,0,207,0,0,207,0,52,0,199,0,207,0,0,207,0,52,0,199,0,207,0,0,207,0,0,207,0,52,0,199,0,207,0,0,207,0,0,207,0,52,0,199,0,207,0,0,207,0,0,207,0,52,0,199,0,207,0,52,0,199,52,0,199,52,0,199,0,207,0,0,207,0,52,0,199,52,0,199,52,0,199,52,0,199,52,0,199,52,0,199,0,207,0,0,207,0,52,0,199,52,0,199,52,0,199,52,0,199,52,0,199,52,0,199,0,207,0,0,207,0,52,0,199,52,0,199,52,0,199,52,0,199,52,0,199,52,0,199,0,207,0,0,207,0,52,0,199,52,0,199,52,0,199
0,207,0,52,0,199,0,207,0,0,207,0,0,207,0,52,0,199,0,207,0,0,207,0,0,205,0,52,0,199,0,207,0,0,207,0,0,207,0,52,0,199,0,207,0,0,207,0,52,0,199,0,207,0,0,207,0,0,207,0,52,0,199,0,205,0,0,207,0,0,207,0,52,0,199,0,207,0,0,207,0,0,207,0,52,0,199,0,207,0,52,0,199,52,0,199,0,180,0,0,207,0,0,207,0,0,188,0,52,0,199,52,0,199,52,0,199,52,0,199,52,0,199,0,207,0,0,207,0,52,0,199,52,0,199,52,0,199,52,0,199,52,0,199,52,0,199,0,207,0,0,207,0,52,0,199,52,0,199,52,0,199,52,0,199,52,0,199,0,180,0,0,207,0,0,207,0,0,188,0,52,0,199,52,0,199
52,0,194,52,0,201,0,207,0,0,207,0,52,0,199,48,0,199,0,207,0,0,207,0,52,0,199,52,0,199,0,207,0,0,207,0,52,0,199,52,0,197,0,207,0,0,207,0,52,0,197,52,0,199,0,207,0,0,207,0,52,0,199,52,0,199,0,207,0,0,207,0,48,0,199,52,0,199,0,207,0,0,207,0,52,0,201,52,0,194,48,0,184,0,207,0,0,207,0,0,207,0,0,207,0,0,207,0,0,207,0,46,0,180,52,0,199,52,0,199,51,0,199,0,207,0,0,207,0,51,0,192,52,0,199,52,0,199,52,0,199,52,0,199,51,0,199,0,207,0,0,207,0,51,0,192,52,0,199,52,0,199,48,0,184,0,207,0,0,207,0,0,207,0,0,207,0,0,207,0,0,207,0,46,0,180
52,0,199,2,75,10,0,207,0,0,207,0,52,0,199,0,180,0,0,207,0,0,207,0,52,0,199,0,201,0,0,207,0,0,207,0,52,0,199,0,207,0,0,212,0,0,212,0,0,207,0,52,0,199,0,207,0,0,207,0,0,201,0,52,0,199,0,207,0,0,207,0,0,180,0,52,0,199,0,207,0,0,207,0,2,75,10,52,0,199,0,207,0,0,207,0,0,207,0,0,207,0,0,207,0,0,207,0,0,207,0,0,207,0,52,0,199,52,0,199,0,205,0,0,207,0,0,207,0,0,207,0,52,0,201,52,0,199,52,0,199,52,0,199,0,205,0,0,207,0,0,207,0,0,207,0,52,0,201,52,0,199,0,205,0,0,207,0,0,207,0,0,207,0,0,207,0,0,207,0,0,207,0,0,207,0
52,0,199,0,207,0,0,207,0,0,207,0,52,0,199,0,207,0,0,207,0,0,207,0,52,0,199,0,207,0,0,207,0,0,207,0,52,0,199,0,205,0,0,210,0,0,210,0,0,205,0,52,0,199,0,207,0,0,207,0,0,207,0,52,0,199,0,207,0,0,207,0,0,207,0,52,0,199,0,207,0,0,207,0,0,207,0,52,0,199,0,207,0,0,207,0,0,207,0,0,207,0,0,207,0,0,207,0,0,207,0,0,207,0,52,0,199,10,35,37,0,207,0,0,207,0,0,207,0,0,207,0,3,79,10,52,0,199,52,0,199,11,34,37,0,207,0,0,207,0,0,207,0,0,207,0,2,80,10,52,0,199,0,207,0,0,207,0,0,207,0,0,207,0,0,207,0,0,207,0,0,207,0,0,207,0
52,0,199,0,207,0,0,207,0,7,31,25,52,0,199,0,207,0,0,207,0,22,3,85,52,0,199,0,207,0,0,207,0,37,0,142,52,0,199,0,207,0,0,207,0,0,207,0,0,207,0,52,0,199,37,0,142,0,207,0,0,207,0,52,0,199,22,3,85,0,207,0,0,207,0,52,0,199,7,31,25,0,207,0,0,207,0,52,0,199,0,207,0,0,207,0,0,207,0,50,0,197,52,0,197,0,207,0,0,207,0,0,207,0,0,207,0,0,207,0,0,207,0,0,207,0,0,207,0,0,207,0,0,207,0,0,207,0,0,207,0,0,207,0,0,207,0,0,207,0,0,207,0,0,207,0,0,207,0,0,207,0,0,207,0,0,207,0,0,207,0,50,0,197,52,0,197,0,207,0,0,207,0,0,207,0
42,0,164,0,180,0,0,180,0,42,0,164,42,0,162,0,180,0,0,180,0,42,0,164,42,0,162,0,180,0,0,180,0,42,0,164,42,0,164,0,180,0,0,180,0,0,180,0,0,180,0,42,0,164,42,0,164,0,180,0,0,180,0,42,0,162,42,0,164,0,180,0,0,180,0,42,0,162,42,0,164,0,180,0,0,180,0,42,0,164,0,180,0,0,180,0,0,180,0,42,0,164,42,0,164,0,180,0,0,180,0,0,180,0,0,180,0,0,180,0,0,180,0,0,180,0,0,180,0,0,180,0,0,180,0,0,180,0,0,180,0,0,180,0,0,180,0,0,180,0,0,180,0,0,180,0,0,180,0,0,180,0,0,180,0,0,180,0,0,180,0,42,0,164,42,0,164,0,180,0,0,180,0,0,180,0
23,21,41,1,162,0,1,162,0,38,0,145,6,62,7,1,162,0,1,162,0,38,0,145,2,149,0,1,162,0,1,162,0,38,0,145,1,155,0,1,162,0,1,162,0,1,162,0,1,162,0,1,155,0,38,0,145,1,162,0,1,162,0,2,149,0,38,0,145,1,162,0,1,162,0,6,62,7,38,0,145,1,162,0,1,162,0,23,21,41,1,162,0,1,162,0,1,162,0,38,0,145,38,0,145,1,162,0,1,162,0,1,162,0,1,162,0,1,162,0,1,162,0,6,111,0,11,31,20,1,162,0,1,162,0,1,162,0,1,162,0,1,162,0,1,162,0,6,111,0,11,30,20,1,162,0,1,162,0,1,162,0,1,162,0,1,162,0,1,162,0,38,0,145,38,0,145,1,162,0,1,162,0,1,162,0
2,151,0,2,151,0,2,151,0,33,0,130,2,151,0,2,151,0,2,151,0,33,0,130,2,151,0,2,151,0,2,151,0,33,0,130,2,151,0,2,151,0,2,151,0,2,151,0,2,151,0,2,151,0,33,0,130,2,151,0,2,151,0,2,151,0,33,0,130,2,151,0,2,151,0,2,151,0,33,0,130,2,151,0,2,151,0,2,151,0,2,151,0,2,151,0,2,151,0,33,0,130,33,0,130,2,151,0,2,151,0,2,151,0,2,151,0,2,151,0,2,151,0,34,0,130,33,0,130,2,151,0,2,151,0,2,151,0,2,151,0,2,151,0,2,151,0,34,0,130,33,0,130,2,151,0,2,151,0,2,151,0,2,151,0,2,151,0,2,151,0,33,0,130,33,0,130,2,151,0,2,151,0,2,151,0
2,151,0,2,151,0,2,151,0,33,0,130,2,151,0,2,151,0,2,151,0,33,0,130,2,151,0,2,151,0,2,151,0,33,0,130,2,151,0,2,151,0,2,155,0,2,155,0,2,151,0,2,151,0,33,0,130,2,151,0,2,151,0,2,151,0,33,0,130,2,151,0,2,151,0,2,151,0,33,0,130,2,151,0,2,151,0,2,151,0,2,149,0,2,151,0,2,151,0,11,29,21,28,0,102,2,151,0,2,151,0,2,147,0,2,151,0,2,151,0,2,151,0,33,0,130,33,0,130,2,151,0,2,151,0,2,151,0,2,151,0,2,151,0,2,151,0,33,0,130,33,0,130,2,151,0,2,151,0,2,151,0,2,149,0,2,151,0,2,151,0,11,28,22,28,0,100,2,151,0,2,151,0,2,147,0
6,125,0,6,125,0,11,65,5,27,0,102,6,125,0,6,125,0,29,5,42,27,0,102,6,125,0,6,125,0,19,4,45,27,0,102,6,125,0,6,125,0,23,0,85,23,0,85,6,125,0,6,125,0,27,0,102,19,4,45,6,125,0,6,125,0,27,0,102,29,5,42,6,125,0,6,125,0,27,0,102,11,65,5,6,125,0,6,125,0,26,0,103,6,125,0,6,125,0,6,125,0,6,123,0,6,125,0,6,125,0,27,0,102,6,125,0,6,125,0,6,125,0,27,0,102,27,0,102,6,125,0,6,125,0,6,125,0,6,125,0,6,125,0,6,125,0,27,0,102,27,0,102,6,125,0,6,125,0,6,125,0,26,0,103,6,125,0,6,125,0,6,125,0,6,123,0,6,125,0,6,125,0,27,0,102
6,125,0,6,125,0,27,0,102,27,0,102,6,125,0,6,125,0,27,0,102,26,0,103,6,125,0,6,125,0,27,0,103,26,0,103,6,125,0,6,125,0,27,0,102,27,0,102,6,125,0,6,125,0,26,0,103,27,0,103,6,125,0,6,125,0,26,0,103,27,0,102,6,125,0,6,125,0,27,0,102,27,0,102,6,125,0,6,125,0,27,0,102,6,127,0,6,125,0,6,125,0,6,125,0,6,125,0,6,125,0,27,0,102,6,125,0,6,125,0,6,125,0,27,0,105,27,0,102,6,125,0,6,125,0,6,125,0,6,125,0,6,125,0,6,125,0,27,0,105,27,0,102,6,125,0,6,125,0,6,125,0,27,0,102,6,127,0,6,125,0,6,125,0,6,125,0,6,125,0,6,125,0,27,0,102
30,114,0,30,114,0,15,0,56,29,111,0,30,114,0,30,114,0,15,0,56,30,114,0,30,114,0,30,114,0,15,0,56,30,114,0,30,114,0,30,114,0,15,0,56,15,0,56,30,114,0,30,114,0,30,114,0,15,0,56,30,114,0,30,114,0,30,114,0,15,0,56,30,114,0,30,114,0,29,111,0,15,0,56,30,114,0,30,114,0,15,0,56,15,0,56,30,114,0,30,114,0,30,114,0,30,114,0,15,0,56,15,0,56,14,0,56,30,114,0,30,114,0,30,114,0,30,114,0,30,114,0,30,114,0,15,0,57,14,0,56,30,114,0,30,114,0,30,114,0,30,114,0,30,114,0,30,114,0,15,0,57,15,0,56,15,0,56,30,114,0,30,114,0,30,114,0,30,114,0,15,0,56,15,0,56
98,149,0,98,149,0,6,0,23,98,149,0,98,149,0,98,149,0,6,0,23,98,149,0,98,149,0,98,149,0,6,0,23,98,149,0,98,149,0,98,149,0,6,0,23,6,0,23,98,149,0,98,149,0,98,149,0,6,0,23,98,149,0,98,149,0,98,149,0,6,0,23,98,149,0,98,149,0,98,149,0,6,0,23,98,149,0,98,149,0,6,0,23,6,0,23,95,147,0,98,149,0,98,149,0,99,147,0,6,0,23,6,0,23,6,0,23,98,149,0,98,149,0,98,149,0,98,149,0,98,149,0,96,147,0,6,0,23,6,0,23,98,149,0,98,149,0,98,149,0,98,149,0,98,149,0,96,147,0,6,0,23,6,0,23,6,0,23,95,147,0,98,149,0,98,149,0,99,147,0,6,0,23,6,0,23
147,166,0,147,166,0,3,0,13,147,166,0,147,166,0,147,166,0,3,0,13,147,166,0,147,166,0,147,166,0,3,0,13,147,166,0,147,166,0,149,166,0,3,0,13,3,0,13,149,166,0,147,166,0,147,166,0,3,0,13,147,166,0,147,166,0,147,166,0,3,0,13,147,166,0,147,166,0,147,166,0,3,0,13,147,166,0,147,166,0,3,0,13,3,0,13,3,0,13,147,166,0,147,166,0,3,0,10,3,0,13,3,0,13,3,0,13,3,0,10,147,166,0,147,166,0,147,166,0,147,166,0,6,0,4,3,0,13,3,0,13,3,0,10,147,166,0,147,166,0,147,166,0,147,166,0,6,0,5,3,0,13,3,0,13,3,0,13,3,0,13,147,166,0,147,166,0,3,0,10,3,0,13,3,0,13
186,162,0,172,145,0,1,0,7,186,162,0,186,162,0,108,83,2,1,0,7,186,162,0,186,162,0,25,12,1,1,0,7,186,162,0,186,162,0,11,3,3,1,0,7,1,0,7,11,3,3,186,162,0,186,162,0,1,0,7,25,12,1,186,162,0,186,162,0,1,0,7,108,83,2,186,162,0,186,162,0,1,0,7,172,145,0,186,162,0,1,0,7,1,0,7,1,0,7,186,162,0,186,162,0,1,0,7,1,0,7,1,0,7,1,0,7,1,0,7,186,162,0,186,162,0,186,162,0,186,162,0,1,0,7,1,0,7,1,0,7,1,0,7,186,162,0,186,162,0,186,162,0,186,162,0,1,0,7,1,0,7,1,0,7,1,0,7,1,0,7,186,162,0,186,162,0,1,0,7,1,0,7,1,0,7
255,105,0,0,0,0,4,2,0,255,105,0,255,105,0,0,0,0,149,66,1,255,105,0,255,105,0,0,0,0,233,102,1,255,105,0,255,105,0,0,0,0,240,100,1,240,100,1,0,0,0,255,105,0,255,105,0,233,102,1,0,0,0,255,105,0,255,105,0,147,66,1,0,0,0,255,105,0,255,105,0,4,2,0,0,0,0,255,105,0,0,0,0,0,0,0,0,0,0,255,105,0,255,105,0,0,0,0,0,0,0,0,0,0,0,0,0,0,0,0,0,0,0,255,105,0,255,105,0,0,0,0,0,0,0,0,0,0,0,0,0,0,0,0,0,0,0,255,105,0,255,105,0,0,0,0,0,0,0,0,0,0,0,0,0,0,0,0,0,0,0,255,105,0,255,105,0,0,0,0,0,0,0,0,0,0
255,105,0,0,0,0,255,105,0,255,105,0,255,105,0,0,0,0,255,105,0,255,105,0,255,105,0,0,0,0,255,103,0,255,105,0,255,105,0,0,0,0,255,105,0,255,105,0,0,0,0,255,105,0,255,105,0,255,103,0,0,0,0,255,105,0,255,105,0,255,105,0,0,0,0,255,105,0,255,105,0,255,105,0,0,0,0,255,105,0,0,0,0,0,0,0,0,0,0,255,105,0,255,105,0,0,0,0,0,0,0,0,0,0,0,0,0,0,0,0,0,0,0,255,105,0,255,105,0,0,0,0,0,0,0,0,0,0,0,0,0,0,0,0,0,0,0,255,105,0,255,105,0,0,0,0,0,0,0,0,0,0,0,0,0,0,0,0,0,0,0,255,105,0,255,105,0,0,0,0,0,0,0,0,0,0
255,105,0,0,0,0,255,105,0,255,105,0,255,105,0,0,0,0,255,105,0,255,105,0,255,105,0,0,0,0,255,105,0,255,105,0,255,105,0,0,0,0,255,105,0,255,105,0,0,0,0,255,105,0,255,105,0,255,105,0,0,0,0,255,105,0,255,105,0,255,105,0,0,0,0,255,105,0,255,105,0,255,105,0,0,0,0,255,105,0,0,0,0,0,0,0,0,0,0,255,105,0,255,105,0,0,0,0,0,0,0,0,0,0,0,0,0,0,0,0,0,0,0,255,105,0,255,105,0,0,0,0,0,0,0,0,0,0,0,0,0,0,0,0,0,0,0,255,105,0,255,105,0,0,0,0,0,0,0,0,0,0,0,0,0,0,0,0,0,0,0,255,105,0,255,105,0,0,0,0,0,0,0,0,0,0
242,105,0,0,0,0,255,105,0,255,105,0,237,103,1,0,0,0,255,105,0,255,105,0,142,66,1,0,0,0,255,105,0,255,105,0,4,1,0,0,0,0,255,105,0,255,105,0,0,0,0,4,1,0,255,105,0,255,105,0,0,0,0,144,66,1,255,105,0,255,105,0,0,0,0,235,103,1,255,105,0,255,105,0,0,0,0,242,105,0,0,0,0,0,0,0,255,105,0,255,105,0,255,105,0,255,105,0,0,0,0,0,0,0,0,0,0,0,0,0,0,0,0,255,105,0,255,105,0,0,0,0,0,0,0,0,0,0,0,0,0,0,0,0,0,0,0,255,105,0,255,105,0,0,0,0,0,0,0,0,0,0,0,0,0,0,0,0,255,105,0,255,105,0,255,105,0,255,105,0,0,0,0,0,0,0
0,0,0,0,0,0,255,105,0,255,105,0,0,0,0,0,0,0,255,105,0,255,105,0,0,0,0,0,0,0,255,105,0,255,105,0,0,0,0,0,0,0,255,105,0,255,105,0,0,0,0,0,0,0,255,105,0,255,105,0,0,0,0,0,0,0,255,105,0,255,105,0,0,0,0,0,0,0,255,105,0,255,105,0,0,0,0,0,0,0,0,0,0,252,103,0,255,105,0,255,105,0,255,105,0,255,105,0,252,103,0,0,0,0,0,0,0,0,0,0,0,0,0,255,105,0,255,105,0,0,0,0,0,0,0,0,0,0,0,0,0,0,0,0,0,0,0,255,105,0,255,105,0,0,0,0,0,0,0,0,0,0,0,0,0,252,103,0,255,105,0,255,105,0,255,105,0,255,105,0,255,103,0,0,0,0
0,0,0,255,103,0,255,105,0,255,105,0,0,0,0,255,105,0,255,105,0,255,105,0,0,0,0,250,102,0,255,105,0,255,105,0,0,0,0,252,103,0,255,105,0,255,105,0,252,103,0,0,0,0,255,105,0,255,105,0,250,102,0,0,0,0,255,105,0,255,105,0,255,105,0,0,0,0,255,105,0,255,105,0,252,103,0,0,0,0,255,105,0,255,105,0,255,105,0,255,105,0,255,105,0,255,105,0,255,105,0,255,105,0,0,0,0,0,0,0,255,105,0,255,105,0,255,105,0,255,105,0,9,4,0,0,0,0,0,0,0,0,0,0,255,105,0,255,105,0,255,105,0,255,105,0,9,4,0,0,0,0,255,105,0,255,105,0,255,105,0,255,105,0,255,105,0,255,105,0,255,105,0,255,105,0
0,0,0,255,103,0,255,105,0,255,105,0,0,0,0,255,105,0,255,105,0,255,105,0,0,0,0,255,105,0,255,105,0,255,105,0,0,0,0,255,105,0,255,105,0,255,105,0,255,105,0,0,0,0,255,105,0,255,105,0,255,105,0,0,0,0,255,105,0,255,105,0,255,105,0,0,0,0,255,105,0,255,105,0,255,103,0,0,0,0,255,105,0,255,105,0,255,105,0,255,105,0,255,105,0,255,105,0,255,105,0,255,105,0,0,0,0,252,106,0,255,105,0,255,105,0,255,105,0,255,105,0,252,102,0,0,0,0,0,0,0,252,106,0,255,105,0,255,105,0,255,105,0,255,105,0,252,103,0,0,0,0,255,105,0,255,105,0,255,105,0,255,105,0,255,105,0,255,105,0,255,105,0,255,105,0
0,0,0,255,105,0,255,105,0,242,102,1,0,0,0,255,105,0,255,105,0,122,54,1,0,0,0,255,105,0,255,105,0,140,62,1,0,0,0,255,105,0,255,105,0,255,105,0,255,105,0,0,0,0,140,62,1,255,105,0,255,105,0,0,0,0,122,54,1,255,105,0,255,105,0,0,0,0,242,102,1,255,105,0,255,105,0,0,0,0,255,105,0,255,105,0,255,105,0,0,0,0,0,0,0,255,105,0,255,105,0,255,105,0,255,105,0,255,105,0,255,105,0,255,105,0,255,105,0,255,105,0,255,105,0,255,105,0,255,105,0,255,105,0,255,105,0,255,105,0,255,105,0,255,105,0,255,105,0,255,105,0,255,105,0,255,105,0,255,105,0,0,0,0,0,0,0,255,105,0,255,105,0,255,105,0
0,0,0,255,105,0,255,105,0,0,0,0,0,0,0,255,105,0,255,105,0,0,0,0,0,0,0,255,105,0,255,105,0,0,0,0,0,0,0,255,105,0,255,105,0,255,105,0,255,105,0,0,0,0,0,0,0,255,105,0,255,105,0,0,0,0,0,0,0,255,105,0,255,105,0,0,0,0,0,0,0,255,105,0,255,105,0,0,0,0,255,105,0,255,105,0,255,105,0,0,0,0,0,0,0,255,105,0,255,105,0,255,105,0,255,105,0,255,105,0,255,105,0,255,105,0,255,105,0,255,105,0,255,105,0,255,105,0,255,105,0,255,105,0,255,105,0,255,105,0,255,105,0,255,105,0,255,105,0,255,105,0,255,105,0,255,105,0,255,105,0,0,0,0,0,0,0,255,105,0,255,105,0,255,105,0
0,0,0,255,105,0,255,105,0,0,0,0,8,4,0,255,105,0,255,105,0,0,0,0,23,11,0,255,105,0,255,105,0,0,0,0,149,68,1,255,105,0,255,105,0,255,105,0,255,105,0,149,68,1,0,0,0,255,105,0,255,105,0,23,11,0,0,0,0,255,105,0,255,105,0,8,4,0,0,0,0,255,105,0,255,105,0,0,0,0,255,105,0,255,105,0,255,105,0,0,0,0,0,0,0,255,105,0,255,105,0,255,105,0,255,105,0,255,105,0,255,105,0,252,102,0,247,105,0,255,105,0,255,105,0,255,105,0,255,105,0,255,105,0,255,105,0,252,102,0,247,105,0,255,105,0,255,105,0,255,105,0,255,105,0,255,105,0,255,105,0,0,0,0,0,0,0,255,105,0,255,105,0,255,105,0
255,105,0,255,105,0,255,105,0,0,0,0,255,105,0,255,105,0,255,105,0,0,0,0,255,105,0,255,105,0,255,105,0,0,0,0,255,105,0,255,105,0,255,105,0,255,105,0,255,105,0,255,105,0,0,0,0,255,105,0,255,105,0,255,105,0,0,0,0,255,105,0,255,105,0,255,105,0,0,0,0,255,105,0,255,105,0,255,105,0,255,105,0,255,105,0,255,105,0,0,0,0,0,0,0,255,105,0,255,105,0,255,105,0,255,105,0,255,105,0,255,105,0,0,0,0,0,0,0,255,105,0,255,105,0,255,105,0,255,105,0,255,105,0,255,105,0,0,0,0,0,0,0,255,105,0,255,105,0,255,105,0,255,105,0,255,105,0,255,105,0,0,0,0,0,0,0,255,105,0,255,105,0,255,105,0
255,105,0,255,105,0,252,105,0,0,0,0,255,105,0,255,105,0,242,102,1,0,0,0,255,105,0,255,105,0,119,52,1,0,0,0,255,105,0,255,105,0,71,34,1,71,34,1,255,105,0,255,105,0,0,0,0,119,52,1,255,105,0,255,105,0,0,0,0,242,102,1,255,105,0,255,105,0,0,0,0,252,105,0,255,105,0,255,105,0,0,0,0,255,105,0,255,105,0,252,103,0,255,103,0,255,105,0,255,105,0,9,4,0,255,105,0,255,105,0,255,105,0,0,0,0,0,0,0,255,105,0,255,105,0,255,105,0,255,105,0,255,105,0,255,105,0,0,0,0,0,0,0,255,105,0,255,105,0,255,105,0,0,0,0,255,105,0,255,105,0,252,103,0,255,103,0,255,105,0,255,105,0,8,3,0
255,105,0,255,105,0,0,0,0,0,0,0,255,105,0,255,105,0,0,0,0,0,0,0,255,105,0,255,105,0,0,0,0,0,0,0,255,105,0,255,105,0,0,0,0,0,0,0,255,105,0,255,105,0,0,0,0,0,0,0,255,105,0,255,105,0,0,0,0,0,0,0,255,105,0,255,105,0,0,0,0,0,0,0,255,105,0,255,105,0,0,0,0,255,105,0,255,105,0,255,105,0,255,105,0,255,105,0,255,105,0,0,0,0,255,105,0,255,105,0,255,105,0,0,0,0,0,0,0,255,105,0,255,105,0,255,105,0,255,105,0,255,105,0,255,105,0,0,0,0,0,0,0,255,105,0,255,105,0,255,105,0,0,0,0,255,105,0,255,105,0,255,105,0,255,105,0,255,105,0,255,105,0,0,0,0
255,105,0,255,105,0,0,0,0,0,0,0,255,105,0,255,105,0,0,0,0,9,4,0,255,105,0,255,105,0,0,0,0,64,31,1,255,105,0,255,105,0,0,0,0,0,0,0,255,105,0,255,105,0,63,31,1,0,0,0,255,105,0,255,105,0,9,4,0,0,0,0,255,105,0,255,105,0,0,0,0,0,0,0,255,105,0,255,105,0,0,0,0,115,52,1,255,105,0,255,105,0,255,105,0,255,105,0,240,105,1,0,0,0,252,106,0,255,105,0,255,105,0,45,21,0,0,0,0,255,105,0,255,105,0,252,105,0,252,106,0,255,105,0,255,105,0,44,20,0,0,0,0,255,105,0,255,105,0,252,105,0,0,0,0,119,52,1,255,105,0,255,105,0,255,105,0,255,105,0,240,105,1,0,0,0
255,105,0,255,105,0,0,0,0,255,105,0,255,105,0,255,105,0,0,0,0,255,105,0,255,105,0,255,105,0,0,0,0,255,105,0,255,105,0,255,105,0,0,0,0,0,0,0,255,105,0,255,105,0,255,105,0,0,0,0,255,105,0,255,105,0,255,105,0,0,0,0,255,105,0,255,105,0,255,105,0,0,0,0,255,105,0,255,105,0,0,0,0,0,0,0,252,108,0,255,105,0,255,105,0,252,105,0,0,0,0,0,0,0,0,0,0,255,105,0,255,105,0,255,105,0,255,105,0,255,105,0,255,105,0,0,0,0,0,0,0,255,105,0,255,105,0,255,105,0,255,105,0,255,105,0,255,105,0,0,0,0,0,0,0,0,0,0,252,108,0,255,105,0,255,105,0,252,105,0,0,0,0,0,0,0
255,105,0,255,106,0,0,0,0,255,105,0,255,105,0,255,105,0,0,0,0,255,105,0,255,105,0,255,105,0,0,0,0,255,105,0,255,105,0,255,108,0,0,0,0,0,0,0,255,108,0,255,105,0,255,105,0,0,0,0,255,105,0,255,105,0,255,105,0,0,0,0,255,105,0,255,105,0,255,105,0,0,0,0,255,106,0,255,105,0,0,0,0,0,0,0,0,0,0,255,105,0,255,105,0,9,4,0,0,0,0,0,0,0,0,0,0,8,3,0,255,105,0,255,105,0,255,105,0,255,105,0,80,34,1,0,0,0,0,0,0,9,4,0,255,105,0,255,105,0,255,105,0,255,105,0,77,34,1,0,0,0,0,0,0,0,0,0,0,0,0,255,105,0,255,105,0,8,4,0,0,0,0,0,0,0
255,105,0,255,106,0,0,0,0,255,105,0,255,105,0,255,105,0,0,0,0,255,105,0,255,105,0,255,105,0,0,0,0,255,105,0,255,105,0,255,108,0,0,0,0,0,0,0,255,108,0,255,105,0,255,105,0,0,0,0,255,105,0,255,105,0,255,105,0,0,0,0,255,105,0,255,105,0,255,105,0,0,0,0,255,106,0,255,105,0,0,0,0,0,0,0,0,0,0,255,105,0,255,105,0,9,4,0,0,0,0,0,0,0,0,0,0,8,3,0,255,105,0,255,105,0,255,105,0,255,105,0,80,34,1,0,0,0,0,0,0,9,4,0,255,105,0,255,105,0,255,105,0,255,105,0,77,34,1,0,0,0,0,0,0,0,0,0,0,0,0,255,105,0,255,105,0,8,4,0,0,0,0,0,0,0
255,105,0,255,105,0,0,0,0,255,105,0,255,105,0,255,105,0,0,0,0,255,105,0,255,105,0,255,105,0,0,0,0,255,105,0,255,105,0,255,105,0,0,0,0,0,0,0,255,105,0,255,105,0,255,105,0,0,0,0,255,105,0,255,105,0,255,105,0,0,0,0,255,105,0,255,105,0,255,105,0,0,0,0,255,105,0,255,105,0,0,0,0,0,0,0,252,108,0,255,105,0,255,105,0,252,105,0,0,0,0,0,0,0,0,0,0,255,105,0,255,105,0,255,105,0,255,105,0,255,105,0,255,105,0,0,0,0,0,0,0,255,105,0,255,105,0,255,105,0,255,105,0,255,105,0,255,105,0,0,0,0,0,0,0,0,0,0,252,108,0,255,105,0,255,105,0,252,105,0,0,0,0,0,0,0
255,105,0,255,105,0,0,0,0,0,0,0,255,105,0,255,105,0,0,0,0,9,4,0,255,105,0,255,105,0,0,0,0,64,31,1,255,105,0,255,105,0,0,0,0,0,0,0,255,105,0,255,105,0,63,31,1,0,0,0,255,105,0,255,105,0,9,4,0,0,0,0,255,105,0,255,105,0,0,0,0,0,0,0,255,105,0,255,105,0,0,0,0,115,52,1,255,105,0,255,105,0,255,105,0,255,105,0,240,105,1,0,0,0,252,106,0,255,105,0,255,105,0,45,21,0,0,0,0,255,105,0,255,105,0,252,105,0,252,106,0,255,105,0,255,105,0,44,20,0,0,0,0,255,105,0,255,105,0,252,105,0,0,0,0,119,52,1,255,105,0,255,105,0,255,105,0,255,105,0,240,105,1,0,0,0
255,105,0,255,105,0,0,0,0,0,0,0,255,105,0,255,105,0,0,0,0,0,0,0,255,105,0,255,105,0,0,0,0,0,0,0,255,105,0,255,105,0,0,0,0,0,0,0,255,105,0,255,105,0,0,0,0,0,0,0,255,105,0,255,105,0,0,0,0,0,0,0,255,105,0,255,105,0,0,0,0,0,0,0,255,105,0,255,105,0,0,0,0,255,105,0,255,105,0,255,105,0,255,105,0,255,105,0,255,105,0,0,0,0,255,105,0,255,105,0,255,105,0,0,0,0,0,0,0,255,105,0,255,105,0,255,105,0,255,105,0,255,105,0,255,105,0,0,0,0,0,0,0,255,105,0,255,105,0,255,105,0,0,0,0,255,105,0,255,105,0,255,105,0,255,105,0,255,105,0,255,105,0,0,0,0
255,105,0,255,105,0,252,105,0,0,0,0,255,105,0,255,105,0,242,102,1,0,0,0,255,105,0,255,105,0,119,52,1,0,0,0,255,105,0,255,105,0,71,34,1,71,34,1,255,105,0,255,105,0,0,0,0,119,52,1,255,105,0,255,105,0,0,0,0,242,102,1,255,105,0,255,105,0,0,0,0,252,105,0,255,105,0,255,105,0,0,0,0,255,105,0,255,105,0,252,103,0,255,103,0,255,105,0,255,105,0,9,4,0,255,105,0,255,105,0,255,105,0,0,0,0,0,0,0,255,105,0,255,105,0,255,105,0,255,105,0,255,105,0,255,105,0,0,0,0,0,0,0,255,105,0,255,105,0,255,105,0,0,0,0,255,105,0,255,105,0,252,103,0,255,103,0,255,105,0,255,105,0,8,3,0
255,105,0,255,105,0,255,105,0,0,0,0,255,105,0,255,105,0,255,105,0,0,0,0,255,105,0,255,105,0,255,105,0,0,0,0,255,105,0,255,105,0,255,105,0,255,105,0,255,105,0,255,105,0,0,0,0,255,105,0,255,105,0,255,105,0,0,0,0,255,105,0,255,105,0,255,105,0,0,0,0,255,105,0,255,105,0,255,105,0,255,105,0,255,105,0,255,105,0,0,0,0,0,0,0,255,105,0,255,105,0,255,105,0,255,105,0,255,105,0,255,105,0,0,0,0,0,0,0,255,105,0,255,105,0,255,105,0,255,105,0,255,105,0,255,105,0,0,0,0,0,0,0,255,105,0,255,105,0,255,105,0,255,105,0,255,105,0,255,105,0,0,0,0,0,0,0,255,105,0,255,105,0,255,105,0
197,87,1,255,105,0,255,105,0,0,0,0,247,105,0,255,105,0,255,105,0,0,0,0,250,105,0,255,105,0,255,105,0,0,0,0,252,102,0,255,105,0,255,105,0,255,105,0,255,105,0,252,102,0,0,0,0,255,105,0,255,105,0,250,105,0,0,0,0,255,105,0,255,105,0,247,105,0,0,0,0,255,105,0,255,105,0,197,87,1,255,105,0,255,105,0,255,105,0,0,0,0,0,0,0,255,105,0,255,105,0,255,105,0,255,105,0,255,105,0,255,105,0,33,14,0,0,0,0,255,105,0,255,105,0,255,105,0,255,105,0,255,105,0,255,105,0,33,14,0,0,0,0,255,105,0,255,105,0,255,105,0,255,105,0,255,105,0,255,105,0,0,0,0,0,0,0,255,105,0,255,105,0,255,105,0
0,0,0,255,105,0,255,105,0,0,0,0,8,4,0,255,105,0,255,105,0,0,0,0,23,11,0,255,105,0,255,105,0,0,0,0,149,68,1,255,105,0,255,105,0,255,105,0,255,105,0,149,68,1,0,0,0,255,105,0,255,105,0,23,11,0,0,0,0,255,105,0,255,105,0,8,4,0,0,0,0,255,105,0,255,105,0,0,0,0,255,105,0,255,105,0,255,105,0,0,0,0,0,0,0,255,105,0,255,105,0,255,105,0,255,105,0,255,105,0,255,105,0,252,102,0,247,105,0,255,105,0,255,105,0,255,105,0,255,105,0,255,105,0,255,105,0,252,102,0,247,105,0,255,105,0,255,105,0,255,105,0,255,105,0,255,105,0,255,105,0,0,0,0,0,0,0,255,105,0,255,105,0,255,105,0
0,0,0,255,105,0,255,105,0,242,102,1,0,0,0,255,105,0,255,105,0,122,54,1,0,0,0,255,105,0,255,105,0,140,62,1,0,0,0,255,105,0,255,105,0,255,105,0,255,105,0,0,0,0,140,62,1,255,105,0,255,105,0,0,0,0,122,54,1,255,105,0,255,105,0,0,0,0,242,102,1,255,105,0,255,105,0,0,0,0,255,105,0,255,105,0,255,105,0,0,0,0,0,0,0,255,105,0,255,105,0,255,105,0,255,105,0,255,105,0,255,105,0,255,105,0,255,105,0,255,105,0,255,105,0,255,105,0,255,105,0,255,105,0,255,105,0,255,105,0,255,105,0,255,105,0,255,105,0,255,105,0,255,105,0,255,105,0,255,105,0,0,0,0,0,0,0,255,105,0,255,105,0,255,105,0
0,0,0,255,105,0,255,105,0,255,105,0,0,0,0,255,105,0,255,105,0,255,103,0,0,0,0,255,105,0,255,105,0,255,109,0,0,0,0,255,105,0,255,105,0,255,105,0,255,105,0,0,0,0,255,109,0,255,105,0,255,105,0,0,0,0,255,103,0,255,105,0,255,105,0,0,0,0,255,105,0,255,105,0,255,105,0,0,0,0,255,105,0,255,105,0,255,105,0,255,102,0,255,108,0,255,105,0,255,105,0,255,105,0,252,102,0,255,105,0,255,105,0,255,105,0,255,105,0,255,105,0,255,105,0,252,105,0,255,102,0,255,105,0,255,105,0,255,105,0,255,105,0,255,105,0,255,105,0,252,105,0,255,105,0,255,105,0,255,105,0,255,102,0,255,108,0,255,105,0,255,105,0,255,105,0
0,0,0,255,103,0,255,105,0,255,105,0,0,0,0,255,105,0,255,105,0,255,105,0,0,0,0,255,105,0,255,105,0,255,105,0,0,0,0,255,105,0,255,105,0,255,105,0,255,105,0,0,0,0,255,105,0,255,105,0,255,105,0,0,0,0,255,105,0,255,105,0,255,105,0,0,0,0,255,105,0,255,105,0,255,103,0,0,0,0,255,105,0,255,105,0,255,105,0,255,105,0,255,105,0,255,105,0,255,105,0,255,105,0,0,0,0,252,106,0,255,105,0,255,105,0,255,105,0,255,105,0,252,102,0,0,0,0,0,0,0,252,106,0,255,105,0,255,105,0,255,105,0,255,105,0,252,103,0,0,0,0,255,105,0,255,105,0,255,105,0,255,105,0,255,105,0,255,105,0,255,105,0,255,105,0
0,0,0,0,0,0,255,105,0,255,105,0,0,0,0,5,1,0,255,105,0,255,105,0,0,0,0,140,67,1,255,105,0,255,105,0,0,0,0,122,54,1,255,105,0,255,105,0,122,54,1,0,0,0,255,105,0,255,105,0,140,66,1,0,0,0,255,105,0,255,105,0,4,1,0,0,0,0,255,105,0,255,105,0,0,0,0,0,0,0,245,103,0,255,105,0,255,105,0,255,105,0,255,105,0,255,105,0,255,105,0,245,105,0,0,0,0,0,0,0,142,63,1,255,105,0,255,105,0,242,105,1,0,0,0,0,0,0,0,0,0,0,0,0,142,63,1,255,105,0,255,105,0,242,105,1,0,0,0,0,0,0,245,103,0,255,105,0,255,105,0,255,105,0,255,105,0,255,105,0,255,105,0,245,105,0
0,0,0,0,0,0,255,105,0,255,105,0,0,0,0,0,0,0,255,105,0,255,105,0,0,0,0,0,0,0,255,105,0,255,105,0,0,0,0,0,0,0,255,105,0,255,105,0,0,0,0,0,0,0,255,105,0,255,105,0,0,0,0,0,0,0,255,105,0,255,105,0,0,0,0,0,0,0,255,105,0,255,105,0,0,0,0,0,0,0,0,0,0,252,103,0,255,105,0,255,105,0,255,105,0,255,105,0,252,103,0,0,0,0,0,0,0,0,0,0,0,0,0,255,105,0,255,105,0,0,0,0,0,0,0,0,0,0,0,0,0,0,0,0,0,0,0,255,105,0,255,105,0,0,0,0,0,0,0,0,0,0,0,0,0,252,103,0,255,105,0,255,105,0,255,105,0,255,105,0,255,103,0,0,0,0
242,105,0,0,0,0,255,105,0,255,105,0,237,103,1,0,0,0,255,105,0,255,105,0,142,66,1,0,0,0,255,105,0,255,105,0,4,1,0,0,0,0,255,105,0,255,105,0,0,0,0,4,1,0,255,105,0,255,105,0,0,0,0,144,66,1,255,105,0,255,105,0,0,0,0,235,103,1,255,105,0,255,105,0,0,0,0,242,105,0,0,0,0,0,0,0,255,105,0,255,105,0,255,105,0,255,105,0,0,0,0,0,0,0,0,0,0,0,0,0,0,0,0,255,105,0,255,105,0,0,0,0,0,0,0,0,0,0,0,0,0,0,0,0,0,0,0,255,105,0,255,105,0,0,0,0,0,0,0,0,0,0,0,0,0,0,0,0,255,105,0,255,105,0,255,105,0,255,105,0,0,0,0,0,0,0
255,105,0,0,0,0,255,105,0,255,105,0,255,105,0,0,0,0,255,105,0,255,105,0,255,105,0,0,0,0,255,105,0,255,105,0,255,105,0,0,0,0,255,105,0,255,105,0,0,0,0,255,105,0,255,105,0,255,105,0,0,0,0,255,105,0,255,105,0,255,105,0,0,0,0,255,105,0,255,105,0,255,105,0,0,0,0,255,105,0,0,0,0,0,0,0,0,0,0,255,105,0,255,105,0,0,0,0,0,0,0,0,0,0,0,0,0,0,0,0,0,0,0,255,105,0,255,105,0,0,0,0,0,0,0,0,0,0,0,0,0,0,0,0,0,0,0,255,105,0,255,105,0,0,0,0,0,0,0,0,0,0,0,0,0,0,0,0,0,0,0,255,105,0,255,105,0,0,0,0,0,0,0,0,0,0
255,105,0,0,0,0,255,105,0,255,105,0,255,105,0,0,0,0,255,105,0,255,105,0,255,105,0,0,0,0,255,103,0,255,105,0,255,105,0,0,0,0,255,105,0,255,105,0,0,0,0,255,105,0,255,105,0,255,103,0,0,0,0,255,105,0,255,105,0,255,105,0,0,0,0,255,105,0,255,105,0,255,105,0,0,0,0,255,105,0,0,0,0,0,0,0,0,0,0,255,105,0,255,105,0,0,0,0,0,0,0,0,0,0,0,0,0,0,0,0,0,0,0,255,105,0,255,105,0,0,0,0,0,0,0,0,0,0,0,0,0,0,0,0,0,0,0,255,105,0,255,105,0,0,0,0,0,0,0,0,0,0,0,0,0,0,0,0,0,0,0,255,105,0,255,105,0,0,0,0,0,0,0,0,0,0
230,120,0,0,0,0,0,0,0,230,120,0,230,120,0,0,0,0,0,0,0,230,120,0,230,120,0,0,0,0,0,0,0,230,120,0,230,120,0,0,0,0,0,0,0,0,0,0,0,0,0,230,120,0,230,120,0,0,0,0,0,0,0,230,120,0,230,120,0,0,0,0,0,0,0,230,120,0,230,120,0,0,0,0,0,0,0,230,120,0,0,0,0,0,0,0,0,0,0,230,120,0,230,120,0,0,0,0,0,0,0,0,0,0,0,0,0,0,0,0,214,114,1,230,120,0,230,120,0,228,119,0,0,0,0,0,0,0,0,0,0,0,0,0,214,114,1,230,120,0,230,120,0,228,119,0,0,0,0,0,0,0,0,0,0,0,0,0,0,0,0,230,120,0,230,120,0,0,0,0,0,0,0,0,0,0
186,162,0,172,145,0,1,0,7,186,162,0,186,162,0,108,83,2,1,0,7,186,162,0,186,162,0,25,12,1,1,0,7,186,162,0,186,162,0,11,3,3,1,0,7,1,0,7,11,3,3,186,162,0,186,162,0,1,0,7,25,12,1,186,162,0,186,162,0,1,0,7,108,83,2,186,162,0,186,162,0,1,0,7,172,145,0,186,162,0,1,0,7,1,0,7,1,0,7,186,162,0,186,162,0,1,0,7,1,0,7,1,0,7,1,0,7,1,0,7,186,162,0,186,162,0,186,162,0,186,162,0,1,0,7,1,0,7,1,0,7,1,0,7,186,162,0,186,162,0,186,162,0,186,162,0,1,0,7,1,0,7,1,0,7,1,0,7,1,0,7,186,162,0,186,162,0,1,0,7,1,0,7,1,0,7
147,166,0,147,166,0,3,0,13,147,166,0,147,166,0,147,166,0,3,0,13,147,166,0,147,166,0,147,166,0,3,0,13,147,166,0,147,166,0,149,166,0,3,0,13,3,0,13,149,166,0,147,166,0,147,166,0,3,0,13,147,166,0,147,166,0,147,166,0,3,0,13,147,166,0,147,166,0,147,166,0,3,0,13,147,166,0,147,166,0,3,0,13,3,0,13,3,0,13,147,166,0,147,166,0,3,0,10,3,0,13,3,0,13,3,0,13,3,0,10,147,166,0,147,166,0,147,166,0,147,166,0,6,0,4,3,0,13,3,0,13,3,0,10,147,166,0,147,166,0,147,166,0,147,166,0,6,0,5,3,0,13,3,0,13,3,0,13,3,0,13,147,166,0,147,166,0,3,0,10,3,0,13,3,0,13
30,114,0,30,114,0,15,0,56,29,111,0,30,114,0,30,114,0,15,0,56,30,114,0,30,114,0,30,114,0,15,0,56,30,114,0,30,114,0,30,114,0,15,0,56,15,0,56,30,114,0,30,114,0,30,114,0,15,0,56,30,114,0,30,114,0,30,114,0,15,0,56,30,114,0,30,114,0,29,111,0,15,0,56,30,114,0,30,114,0,15,0,56,15,0,56,30,114,0,30,114,0,30,114,0,30,114,0,15,0,56,15,0,56,14,0,56,30,114,0,30,114,0,30,114,0,30,114,0,30,114,0,30,114,0,15,0,57,14,0,56,30,114,0,30,114,0,30,114,0,30,114,0,30,114,0,30,114,0,15,0,57,15,0,56,15,0,56,30,114,0,30,114,0,30,114,0,30,114,0,15,0,56,15,0,56
13,100,0,13,100,0,21,0,79,21,0,78,13,100,0,13,100,0,21,0,79,19,0,71,13,100,0,13,100,0,21,0,78,20,0,49,13,100,0,13,100,0,21,0,79,21,0,79,13,100,0,13,100,0,20,0,49,21,0,78,13,100,0,13,100,0,19,0,71,21,0,79,13,100,0,13,100,0,21,0,78,21,0,79,13,100,0,13,100,0,21,0,79,14,95,0,13,100,0,13,100,0,13,100,0,13,100,0,13,99,0,21,0,79,13,100,0,13,100,0,13,100,0,19,0,67,21,0,80,13,100,0,13,100,0,13,99,0,13,100,0,13,100,0,13,100,0,19,0,67,21,0,80,13,100,0,13,100,0,13,99,0,21,0,79,14,95,0,13,100,0,13,100,0,13,100,0,13,100,0,13,99,0,21,0,79
6,125,0,6,125,0,27,0,102,27,0,102,6,125,0,6,125,0,27,0,102,26,0,103,6,125,0,6,125,0,27,0,103,26,0,103,6,125,0,6,125,0,27,0,102,27,0,102,6,125,0,6,125,0,26,0,103,27,0,103,6,125,0,6,125,0,26,0,103,27,0,102,6,125,0,6,125,0,27,0,102,27,0,102,6,125,0,6,125,0,27,0,102,6,127,0,6,125,0,6,125,0,6,125,0,6,125,0,6,125,0,27,0,102,6,125,0,6,125,0,6,125,0,27,0,105,27,0,102,6,125,0,6,125,0,6,125,0,6,125,0,6,125,0,6,125,0,27,0,105,27,0,102,6,125,0,6,125,0,6,125,0,27,0,102,6,127,0,6,125,0,6,125,0,6,125,0,6,125,0,6,125,0,27,0,102
2,151,0,2,151,0,2,151,0,33,0,130,2,151,0,2,151,0,2,151,0,33,0,130,2,151,0,2,151,0,2,151,0,33,0,130,2,151,0,2,151,0,2,151,0,2,151,0,2,151,0,2,151,0,33,0,130,2,151,0,2,151,0,2,151,0,33,0,130,2,151,0,2,151,0,2,151,0,33,0,130,2,151,0,2,151,0,2,151,0,2,151,0,2,151,0,2,151,0,33,0,130,33,0,130,2,151,0,2,151,0,2,151,0,2,151,0,2,151,0,2,151,0,33,0,130,33,0,130,2,151,0,2,151,0,2,151,0,2,151,0,2,151,0,2,151,0,33,0,130,33,0,130,2,151,0,2,151,0,2,151,0,2,151,0,2,151,0,2,151,0,33,0,130,33,0,130,2,151,0,2,151,0,2,151,0
2,151,0,2,151,0,2,151,0,33,0,130,2,151,0,2,151,0,2,151,0,33,0,130,2,151,0,2,151,0,2,151,0,33,0,130,2,151,0,2,151,0,2,151,0,2,151,0,2,151,0,2,151,0,33,0,130,2,151,0,2,151,0,2,151,0,33,0,130,2,151,0,2,151,0,2,151,0,33,0,130,2,151,0,2,151,0,2,151,0,2,151,0,2,151,0,2,151,0,33,0,130,33,0,130,2,151,0,2,151,0,2,151,0,2,151,0,2,151,0,2,151,0,34,0,130,33,0,130,2,151,0,2,151,0,2,151,0,2,151,0,2,151,0,2,151,0,34,0,130,33,0,130,2,151,0,2,151,0,2,151,0,2,151,0,2,151,0,2,151,0,33,0,130,33,0,130,2,151,0,2,151,0,2,151,0
23,21,41,1,162,0,1,162,0,38,0,145,6,62,7,1,162,0,1,162,0,38,0,145,2,149,0,1,162,0,1,162,0,38,0,145,1,155,0,1,162,0,1,162,0,1,162,0,1,162,0,1,155,0,38,0,145,1,162,0,1,162,0,2,149,0,38,0,145,1,162,0,1,162,0,6,62,7,38,0,145,1,162,0,1,162,0,23,21,41,1,162,0,1,162,0,1,162,0,38,0,145,38,0,145,1,162,0,1,162,0,1,162,0,1,162,0,1,162,0,1,162,0,6,111,0,11,31,20,1,162,0,1,162,0,1,162,0,1,162,0,1,162,0,1,162,0,6,111,0,11,30,20,1,162,0,1,162,0,1,162,0,1,162,0,1,162,0,1,162,0,38,0,145,38,0,145,1,162,0,1,162,0,1,162,0
41,0,163,0,179,0,0,179,0,41,0,163,41,0,161,0,179,0,0,179,0,41,0,163,41,0,161,0,179,0,0,179,0,41,0,163,41,0,163,0,179,0,0,179,0,0,179,0,0,179,0,41,0,163,41,0,163,0,179,0,0,179,0,41,0,161,41,0,163,0,179,0,0,179,0,41,0,161,41,0,163,0,179,0,0,179,0,41,0,163,0,179,0,0,179,0,0,179,0,41,0,163,41,0,163,0,179,0,0,179,0,0,179,0,0,179,0,0,179,0,0,179,0,0,179,0,0,179,0,0,179,0,0,179,0,0,179,0,0,179,0,0,179,0,0,179,0,0,179,0,0,179,0,0,179,0,0,179,0,0,179,0,0,179,0,0,179,0,0,179,0,41,0,163,41,0,163,0,179,0,0,179,0,0,179,0
51,0,198,0,206,0,0,206,0,6,30,24,51,0,198,0,206,0,0,206,0,21,2,84,51,0,198,0,206,0,0,206,0,36,0,141,51,0,198,0,206,0,0,206,0,0,206,0,0,206,0,51,0,198,36,0,141,0,206,0,0,206,0,51,0,198,21,2,84,0,206,0,0,206,0,51,0,198,6,30,24,0,206,0,0,206,0,51,0,198,0,206,0,0,206,0,0,206,0,49,0,196,51,0,196,0,206,0,0,206,0,0,206,0,0,206,0,0,206,0,0,206,0,0,206,0,0,206,0,0,206,0,0,206,0,0,206,0,0,206,0,0,206,0,0,206,0,0,206,0,0,206,0,0,206,0,0,206,0,0,206,0,0,206,0,0,206,0,0,206,0,49,0,196,51,0,196,0,206,0,0,206,0,0,206,0
51,0,197,0,205,0,0,205,0,0,205,0,51,0,197,0,205,0,0,205,0,0,205,0,51,0,197,0,205,0,0,205,0,0,205,0,51,0,197,0,205,0,0,205,0,0,205,0,0,205,0,51,0,197,0,205,0,0,205,0,0,205,0,51,0,197,0,205,0,0,205,0,0,205,0,51,0,197,0,205,0,0,205,0,0,205,0,51,0,197,0,205,0,0,205,0,0,205,0,0,205,0,0,205,0,0,205,0,0,205,0,0,205,0,38,0,165,0,205,0,0,205,0,0,205,0,0,205,0,0,205,0,0,205,0,20,3,88,39,0,165,0,205,0,0,205,0,0,205,0,0,205,0,0,205,0,0,205,0,20,3,87,0,205,0,0,205,0,0,205,0,0,205,0,0,205,0,0,205,0,0,205,0,0,205,0
51,0,197,0,205,0,0,205,0,0,205,0,51,0,197,0,205,0,0,205,0,0,205,0,51,0,197,0,205,0,0,205,0,0,205,0,51,0,197,0,203,0,0,207,0,0,207,0,0,203,0,51,0,197,0,205,0,0,205,0,0,205,0,51,0,197,0,205,0,0,205,0,0,205,0,51,0,197,0,205,0,0,205,0,0,205,0,51,0,197,0,205,0,0,205,0,0,205,0,0,205,0,0,205,0,0,205,0,0,205,0,0,205,0,51,0,197,9,34,36,0,205,0,0,205,0,0,205,0,0,205,0,2,78,9,51,0,197,51,0,197,10,33,36,0,205,0,0,205,0,0,205,0,0,205,0,1,79,9,51,0,197,0,205,0,0,205,0,0,205,0,0,205,0,0,205,0,0,205,0,0,205,0,0,205,0
51,0,196,1,73,9,0,203,0,0,203,0,51,0,196,0,177,0,0,203,0,0,203,0,51,0,196,0,198,0,0,203,0,0,203,0,51,0,196,0,203,0,0,208,0,0,208,0,0,203,0,51,0,196,0,203,0,0,203,0,0,198,0,51,0,196,0,203,0,0,203,0,0,177,0,51,0,196,0,203,0,0,203,0,1,73,9,51,0,196,0,203,0,0,203,0,0,203,0,0,203,0,0,203,0,0,203,0,0,203,0,0,203,0,51,0,196,51,0,196,0,201,0,0,203,0,0,203,0,0,203,0,51,0,198,51,0,196,51,0,196,51,0,196,0,201,0,0,203,0,0,203,0,0,203,0,51,0,198,51,0,196,0,201,0,0,203,0,0,203,0,0,203,0,0,203,0,0,203,0,0,203,0,0,203,0
6,30,24,50,0,193,0,201,0,0,201,0,21,3,84,50,0,193,0,201,0,0,201,0,39,0,150,50,0,193,0,201,0,0,201,0,44,0,182,49,0,193,0,201,0,0,201,0,49,0,193,44,0,182,0,201,0,0,201,0,50,0,193,39,0,148,0,201,0,0,201,0,50,0,193,21,3,84,0,201,0,0,201,0,50,0,193,6,30,24,50,0,193,21,3,80,0,201,0,0,201,0,0,201,0,0,201,0,21,4,82,50,0,193,50,0,193,50,0,193,50,0,193,0,201,0,0,201,0,50,0,193,50,0,193,50,0,193,50,0,193,50,0,193,50,0,193,0,201,0,0,201,0,50,0,193,50,0,193,50,0,193,50,0,193,21,3,82,0,201,0,0,201,0,0,201,0,0,201,0,21,4,82,50,0,193
