0,0,0,0,0,0,0,0,0,0,0,0,0,0,0,0,0,0,0,0,0,0,0,0,0,0,0,0,0,0,0,0,0,255,6,233,255,6,233,255,6,233,255,6,233,255,6,233,255,6,233,255,6,233,255,6,233,0,0,0,0,0,0,0,0,0,0,0,0,0,0,0,0,0,0,0,0,0,0,0,0,0,0,0,0,0,0,0,0,0,0,0,0,0,0,0,0,0,0,0,0,0,0,0,0,0,0,0,0,0,0,0,0,0,255,6,233,255,6,233,255,6,233,255,6,233,255,6,233,255,6,233,255,6,233,255,6,233,255,6,233,255,6,233,255,6,233,255,6,233,255,6,233,255,6,233,255,6,233,255,6,233,0,0,0,0,0,0,0,0,0,0,0,0,0,0,0,0,0,0,0,0,0,0,0,0
0,0,0,0,0,0,0,0,0,0,0,0,0,0,0,0,0,0,0,0,0,0,0,0,0,0,0,0,0,0,0,0,0,255,6,233,255,6,233,255,6,233,255,6,233,255,6,233,255,6,233,255,6,233,255,6,233,0,0,0,0,0,0,0,0,0,0,0,0,0,0,0,0,0,0,0,0,0,0,0,0,0,0,0,0,0,0,0,0,0,0,0,0,0,0,0,0,0,0,0,0,0,0,0,0,0,0,0,0,0,0,0,0,0,255,6,233,255,6,233,255,6,233,255,6,233,255,6,233,255,6,233,255,6,233,255,6,233,255,6,233,255,6,233,255,6,233,255,6,233,255,6,233,255,6,233,255,6,233,255,6,233,0,0,0,0,0,0,0,0,0,0,0,0,0,0,0,0,0,0,0,0,0,0,0,0
0,0,0,0,0,0,0,0,0,0,0,0,0,0,0,0,0,0,0,0,0,0,0,0,0,0,0,0,0,0,0,0,0,255,6,233,255,6,233,255,6,233,255,6,233,255,6,233,255,6,233,255,6,233,255,6,233,0,0,0,0,0,0,0,0,0,0,0,0,0,0,0,0,0,0,0,0,0,0,0,0,0,0,0,0,0,0,0,0,0,0,0,0,0,0,0,0,0,0,0,0,0,0,0,0,0,0,0,0,0,0,0,0,0,255,6,233,255,6,233,255,6,233,255,6,233,255,6,233,255,255,255,255,6,233,255,6,233,255,6,233,255,6,233,255,6,233,255,6,233,255,6,233,255,255,255,255,6,233,255,6,233,0,0,0,0,0,0,0,0,0,0,0,0,0,0,0,0,0,0,0,0,0,0,0,0
0,0,0,0,0,0,0,0,0,0,0,0,0,0,0,0,0,0,0,0,0,0,0,0,0,0,0,0,0,0,255,6,233,255,6,233,255,6,233,255,6,233,255,6,233,255,6,233,255,6,233,255,6,233,255,6,233,255,6,233,0,0,0,0,0,0,0,0,0,0,0,0,0,0,0,0,0,0,0,0,0,0,0,0,0,0,0,0,0,0,0,0,0,0,0,0,0,0,0,0,0,0,0,0,0,0,0,0,0,0,0,0,0,0,255,6,233,255,6,233,255,6,233,255,6,233,255,6,233,255,72,247,255,6,233,255,6,233,255,6,233,255,6,233,255,6,233,255,6,233,255,6,233,255,71,247,255,6,233,255,6,233,0,0,0,0,0,0,0,0,0,0,0,0,0,0,0,0,0,0,0,0,0,0,0,0
0,0,0,0,0,0,0,0,0,0,0,0,0,0,0,0,0,0,0,0,0,0,0,0,0,0,0,0,0,0,255,6,233,255,6,233,255,6,233,255,6,233,255,6,233,255,6,233,255,6,233,255,6,233,255,6,233,255,6,233,0,0,0,0,0,0,0,0,0,0,0,0,0,0,0,0,0,0,0,0,0,0,0,0,0,0,0,0,0,0,0,0,0,0,0,0,0,0,0,0,0,0,0,0,0,0,0,0,0,0,0,0,0,0,255,6,233,255,6,233,255,6,233,255,6,233,255,6,233,255,6,233,255,6,233,255,6,233,255,6,233,255,6,233,255,6,233,255,6,233,255,6,233,255,6,233,255,6,233,255,6,233,0,0,0,0,0,0,0,0,0,0,0,0,0,0,0,0,0,0,0,0,0,0,0,0
0,0,0,0,0,0,0,0,0,0,0,0,0,0,0,0,0,0,0,0,0,0,0,0,0,0,0,0,0,0,255,6,233,255,6,233,255,6,233,255,6,233,255,6,233,255,6,233,255,6,233,255,6,233,255,6,233,255,6,233,0,0,0,0,0,0,0,0,0,0,0,0,0,0,0,0,0,0,0,0,0,0,0,0,0,0,0,0,0,0,0,0,0,0,0,0,0,0,0,0,0,0,0,0,0,0,0,0,0,0,0,0,0,0,255,6,233,255,6,233,255,6,233,255,6,233,255,6,233,255,6,233,255,6,233,255,6,233,255,6,233,255,6,233,255,6,233,255,6,233,255,6,233,255,6,233,255,6,233,255,6,233,0,0,0,0,0,0,0,0,0,0,0,0,0,0,0,0,0,0,0,0,0,0,0,0
0,0,0,0,0,0,0,0,0,0,0,0,0,0,0,0,0,0,0,0,0,0,0,0,0,0,0,0,0,0,255,6,233,255,6,233,255,6,233,255,6,233,255,6,233,255,6,233,255,6,233,255,6,233,255,6,233,255,6,233,0,0,0,0,0,0,0,0,0,0,0,0,0,0,0,0,0,0,0,0,0,0,0,0,0,0,0,0,0,0,0,0,0,0,0,0,0,0,0,0,0,0,0,0,0,0,0,0,0,0,0,0,0,0,255,6,233,255,6,233,255,6,233,255,6,233,255,6,233,255,255,255,255,6,233,255,6,233,255,6,233,255,6,233,255,6,233,255,6,233,255,6,233,255,255,255,255,6,233,255,6,233,0,0,0,0,0,0,0,0,0,0,0,0,0,0,0,0,0,0,0,0,0,0,0,0
0,0,0,0,0,0,0,0,0,0,0,0,0,0,0,0,0,0,0,0,0,0,0,0,0,0,0,255,6,233,255,6,233,255,6,233,255,6,233,255,6,233,255,6,233,255,6,233,255,6,233,255,6,233,255,6,233,255,6,233,255,6,233,0,0,0,0,0,0,0,0,0,0,0,0,0,0,0,0,0,0,0,0,0,0,0,0,0,0,0,0,0,0,0,0,0,0,0,0,0,0,0,0,0,0,0,0,0,0,0,0,0,0,0,255,6,233,255,6,233,255,63,242,255,6,233,255,6,233,255,6,233,255,6,233,255,6,233,255,6,233,255,6,233,255,64,242,255,6,233,255,6,233,255,6,233,255,6,233,255,6,233,0,0,0,0,0,0,0,0,0,0,0,0,0,0,0,0,0,0,0,0,0,0,0,0
0,0,0,0,0,0,0,0,0,0,0,0,0,0,0,0,0,0,0,0,0,0,0,0,0,0,0,255,6,233,255,6,233,255,6,233,255,6,233,255,6,233,255,6,233,255,6,233,255,6,233,255,6,233,255,6,233,255,6,233,255,6,233,0,0,0,0,0,0,0,0,0,0,0,0,0,0,0,0,0,0,0,0,0,0,0,0,0,0,0,0,0,0,0,0,0,0,0,0,0,0,0,0,0,0,0,0,0,0,0,0,0,0,0,255,6,233,255,6,233,255,102,252,255,6,233,255,6,233,255,6,233,255,6,233,255,6,233,255,6,233,255,6,233,255,100,252,255,6,233,255,6,233,255,6,233,255,6,233,255,6,233,0,0,0,0,0,0,0,0,0,0,0,0,0,0,0,0,0,0,0,0,0,0,0,0
0,0,0,0,0,0,0,0,0,0,0,0,0,0,0,0,0,0,0,0,0,0,0,0,0,0,0,255,6,233,255,6,233,255,6,233,255,6,233,255,6,233,255,6,233,255,6,233,255,6,233,255,6,233,255,6,233,255,6,233,255,6,233,0,0,0,0,0,0,0,0,0,0,0,0,0,0,0,0,0,0,0,0,0,0,0,0,0,0,0,0,0,0,0,0,0,0,0,0,0,0,0,0,0,0,0,0,0,0,0,0,0,0,0,255,6,233,255,6,233,255,6,233,255,6,233,255,6,233,255,6,240,255,6,233,255,6,233,255,6,233,255,6,233,255,6,233,255,6,233,255,6,233,255,6,240,255,6,233,255,6,233,0,0,0,0,0,0,0,0,0,0,0,0,0,0,0,0,0,0,0,0,0,0,0,0
0,0,0,0,0,0,0,0,0,0,0,0,0,0,0,0,0,0,0,0,0,0,0,0,0,0,0,255,6,233,255,6,233,255,6,245,255,6,233,255,6,233,255,6,233,255,6,233,255,6,233,255,6,233,255,6,245,255,6,233,255,6,233,0,0,0,0,0,0,0,0,0,0,0,0,0,0,0,0,0,0,0,0,0,0,0,0,0,0,0,0,0,0,0,0,0,0,0,0,0,0,0,0,0,0,0,0,0,0,0,0,0,0,0,255,6,233,255,6,233,255,6,237,255,6,233,255,6,233,255,6,233,255,6,233,255,6,233,255,6,233,255,6,233,255,6,237,255,6,233,255,6,233,255,6,233,255,6,233,255,6,233,0,0,0,0,0,0,0,0,0,0,0,0,0,0,0,0,0,0,0,0,0,0,0,0
0,0,0,0,0,0,0,0,0,0,0,0,0,0,0,0,0,0,0,0,0,0,0,0,255,6,233,255,6,233,255,6,233,255,6,233,255,6,233,255,6,233,255,6,233,255,6,233,255,6,233,255,6,233,255,6,233,255,6,233,255,6,233,255,6,233,0,0,0,0,0,0,0,0,0,0,0,0,0,0,0,0,0,0,0,0,0,0,0,0,0,0,0,0,0,0,0,0,0,0,0,0,0,0,0,0,0,0,0,0,0,0,0,0,255,6,233,255,6,233,255,6,233,255,6,233,255,6,233,255,6,233,255,6,233,255,6,233,255,6,233,255,6,233,255,6,233,255,6,233,255,6,233,255,6,233,255,6,233,255,6,233,0,0,0,0,0,0,0,0,0,0,0,0,0,0,0,0,0,0,0,0,0,0,0,0
0,0,0,0,0,0,0,0,0,0,0,0,0,0,0,0,0,0,0,0,0,0,0,0,255,6,237,255,6,233,255,6,233,255,6,233,255,6,233,255,6,233,255,6,233,255,6,233,255,6,233,255,6,233,255,6,233,255,6,233,255,6,233,255,6,237,0,0,0,0,0,0,0,0,0,0,0,0,0,0,0,0,0,0,0,0,0,0,0,0,0,0,0,0,0,0,0,0,0,0,0,0,0,0,0,0,0,0,0,0,0,0,0,0,255,6,233,255,6,233,255,6,233,255,6,233,255,6,237,255,6,233,255,6,233,255,6,233,255,6,233,255,6,233,255,6,233,255,6,233,255,6,237,255,6,233,255,6,233,255,6,233,0,0,0,0,0,0,0,0,0,0,0,0,0,0,0,0,0,0,0,0,0,0,0,0
0,0,0,0,0,0,0,0,0,0,0,0,0,0,0,0,0,0,0,0,0,0,0,0,255,6,233,255,6,233,255,6,233,255,6,233,255,6,233,255,6,233,255,6,233,255,6,233,255,6,233,255,6,233,255,6,233,255,6,233,255,6,233,255,6,233,0,0,0,0,0,0,0,0,0,0,0,0,0,0,0,0,0,0,0,0,0,0,0,0,0,0,0,0,0,0,0,0,0,0,0,0,0,0,0,0,0,0,0,0,0,0,0,0,255,6,233,255,6,233,255,6,237,255,6,233,255,6,233,255,6,233,255,6,233,255,6,233,255,6,233,255,6,233,255,6,237,255,6,233,255,6,233,255,6,233,255,6,233,255,6,233,0,0,0,0,0,0,0,0,0,0,0,0,0,0,0,0,0,0,0,0,0,0,0,0
0,0,0,0,0,0,0,0,0,0,0,0,0,0,0,0,0,0,0,0,0,0,0,0,255,6,233,255,6,233,255,6,233,255,6,233,255,6,233,255,6,233,255,6,233,255,6,233,255,6,233,255,6,233,255,6,233,255,6,233,255,6,233,255,6,233,0,0,0,0,0,0,0,0,0,0,0,0,0,0,0,0,0,0,0,0,0,0,0,0,0,0,0,0,0,0,0,0,0,0,0,0,0,0,0,0,0,0,0,0,0,0,0,0,255,6,233,255,6,233,255,6,233,255,6,233,255,6,233,255,6,233,255,6,233,255,6,233,255,6,233,255,6,233,255,6,233,255,6,233,255,6,233,255,6,233,255,6,233,255,6,233,0,0,0,0,0,0,0,0,0,0,0,0,0,0,0,0,0,0,0,0,0,0,0,0
0,0,0,0,0,0,0,0,0,0,0,0,0,71,83,0,0,0,0,0,0,45,1,42,255,6,233,255,6,233,255,6,233,255,6,233,255,6,233,255,6,233,255,6,233,255,6,233,255,6,233,255,6,233,255,6,233,255,6,233,255,6,233,255,6,233,45,1,42,0,0,0,0,0,0,0,72,85,0,0,0,0,0,0,0,0,0,0,0,0,0,0,0,0,0,0,0,0,0,0,0,0,0,0,0,0,0,0,0,0,0,0,0,0,255,6,233,255,6,233,255,6,233,255,6,233,255,6,233,255,6,233,255,6,233,255,6,233,255,6,233,255,6,233,255,6,233,255,6,233,255,6,233,255,6,233,255,6,233,255,6,233,0,0,0,0,0,0,0,0,0,0,0,0,0,0,0,0,0,0,0,0,0,0,0,0
0,0,0,0,0,0,0,0,0,0,0,0,0,0,0,0,0,0,0,0,0,255,6,233,255,6,233,255,6,233,255,6,233,255,6,233,255,6,233,255,6,233,255,6,233,255,6,233,255,6,233,255,6,233,255,6,233,255,6,233,255,6,233,255,6,233,255,6,233,0,0,0,0,0,0,0,0,0,0,0,0,0,0,0,0,0,0,0,0,0,0,0,0,0,0,0,0,0,0,0,0,0,0,0,0,0,0,0,0,0,0,0,0,0,255,6,233,255,6,233,255,6,233,255,6,233,255,6,233,255,6,233,255,6,233,255,6,233,255,6,233,255,6,233,255,6,233,255,6,233,255,6,233,255,6,233,255,6,233,255,6,233,0,0,0,0,0,0,0,0,0,0,0,0,0,0,0,0,0,0,0,0,0,0,0,0
0,0,0,0,0,0,0,0,0,0,0,0,0,0,0,0,0,0,0,0,0,255,6,233,255,6,233,255,6,233,255,6,233,255,6,233,255,6,233,255,6,233,255,6,233,255,6,233,255,6,233,255,6,233,255,6,233,255,6,233,255,6,233,255,6,233,255,6,233,0,0,0,0,0,0,0,0,0,0,0,0,0,0,0,0,0,0,0,0,0,0,0,0,0,0,0,0,0,0,0,0,0,0,0,0,0,0,0,0,0,0,0,0,0,255,6,233,255,6,233,255,6,233,255,6,233,255,6,233,255,6,233,255,6,233,255,6,233,255,6,233,255,6,233,255,6,233,255,6,233,255,6,233,255,6,233,255,6,233,255,6,233,0,0,0,0,0,0,0,0,0,0,0,0,0,0,0,0,0,0,0,0,0,0,0,0
0,0,0,0,0,0,0,0,0,0,0,0,0,0,0,0,0,0,0,0,0,255,6,233,255,6,233,255,6,233,255,6,233,255,6,233,255,6,233,255,6,233,255,6,233,255,6,233,255,6,233,255,6,233,255,6,233,255,6,233,255,6,233,255,6,233,255,6,233,0,0,0,0,0,0,0,0,0,0,0,0,0,0,0,0,0,0,0,0,0,0,0,0,0,0,0,0,0,0,0,0,0,0,0,0,0,0,0,0,0,0,0,0,0,255,6,233,255,6,233,255,6,233,255,6,233,255,6,233,255,6,233,255,6,233,255,6,233,255,6,233,255,6,233,255,6,233,255,6,233,255,6,233,255,6,233,255,6,233,255,6,233,0,0,0,0,0,0,0,0,0,0,0,0,0,0,0,0,0,0,0,0,0,0,0,0
0,0,0,0,0,0,0,0,0,0,0,0,0,0,0,0,0,0,0,0,0,255,6,233,255,6,233,255,6,233,255,6,233,255,6,233,255,6,233,255,6,233,255,6,233,255,6,233,255,6,233,255,6,233,255,6,233,255,6,233,255,6,233,255,6,233,255,6,233,0,0,0,0,0,0,0,0,0,0,0,0,0,0,0,0,0,0,0,0,0,0,0,0,0,0,0,0,0,0,0,0,0,0,0,0,0,0,0,0,0,0,0,0,0,255,6,233,255,6,233,255,6,233,255,6,233,255,6,233,255,6,233,255,40,245,255,6,233,255,6,233,255,6,233,255,6,233,255,6,233,255,6,233,255,6,233,255,38,245,255,6,233,0,0,0,0,0,0,0,0,0,0,0,0,0,0,0,0,0,0,0,0,0,0,0,0
0,0,0,0,0,0,0,0,0,0,0,0,0,0,0,0,0,0,255,6,233,255,6,233,255,6,233,255,6,233,255,6,233,255,6,233,255,6,233,255,6,233,255,6,233,255,6,233,255,6,233,255,6,233,255,6,233,255,6,233,255,6,233,255,6,233,255,6,233,255,6,233,0,0,0,0,0,0,0,0,0,0,0,0,0,0,0,0,0,0,0,0,0,0,0,0,0,0,0,0,0,0,0,0,0,0,0,0,0,0,0,0,0,0,255,6,233,255,6,233,255,6,233,255,6,233,255,6,233,255,6,233,255,6,233,255,6,233,255,6,233,255,6,233,255,6,233,255,6,233,255,6,233,255,6,233,255,6,233,255,6,233,0,0,0,0,0,0,0,0,0,0,0,0,0,0,0,0,0,0,0,0,0,0,0,0
0,0,0,0,0,0,0,0,0,0,0,0,0,0,0,0,0,0,255,6,233,255,6,233,255,6,233,255,6,233,255,6,233,255,6,233,255,6,233,255,6,233,255,6,233,255,6,233,255,6,233,255,6,233,255,6,233,255,6,233,255,6,233,255,6,233,255,6,233,255,6,233,0,0,0,0,0,0,0,0,0,0,0,0,0,0,0,0,0,0,0,0,0,0,0,0,0,0,0,0,0,0,0,0,0,0,0,0,0,0,0,0,0,0,255,6,233,255,6,233,255,6,233,255,6,233,255,6,233,255,6,233,255,6,233,255,6,233,255,6,233,255,6,233,255,6,233,255,6,233,255,6,233,255,6,233,255,6,233,255,6,233,0,0,0,0,0,0,0,0,0,0,0,0,0,0,0,0,0,0,0,0,0,0,0,0
0,0,0,0,0,0,0,0,0,0,0,0,0,0,0,0,0,0,255,6,233,255,6,233,255,6,233,255,6,233,255,6,233,255,6,233,255,6,233,255,6,233,255,6,233,255,6,233,255,6,233,255,6,233,255,6,233,255,6,233,255,6,233,255,6,233,255,6,233,255,6,233,0,0,0,0,0,0,0,0,0,0,0,0,0,0,0,0,0,0,0,0,0,0,0,0,0,0,0,0,0,0,0,0,0,0,0,0,0,0,0,0,0,0,255,6,233,255,6,233,255,6,233,255,6,233,255,6,233,255,6,233,255,6,233,255,6,233,255,6,233,255,6,233,255,6,233,255,6,233,255,6,233,255,6,233,255,6,233,255,6,233,0,0,0,0,0,0,0,0,0,0,0,0,0,0,0,0,0,0,0,0,0,0,0,0
0,0,0,0,0,0,0,0,0,0,0,0,0,0,0,0,0,0,255,6,233,255,6,233,255,6,233,255,6,233,255,6,233,255,6,233,255,6,233,255,6,233,255,6,233,255,6,233,255,6,233,255,6,233,255,6,233,255,6,233,255,6,233,255,6,233,255,6,233,255,6,233,0,0,0,0,0,0,0,0,0,0,0,0,0,0,0,0,0,0,0,0,0,0,0,0,0,0,0,0,0,0,0,0,0,0,0,0,0,0,0,0,0,0,255,6,233,255,6,233,255,6,233,255,6,233,255,6,233,255,6,233,255,6,233,255,6,233,255,6,233,255,6,233,255,6,233,255,6,233,255,6,233,255,6,233,255,6,233,255,6,233,0,0,0,0,0,0,0,0,0,0,0,0,0,0,0,0,0,0,0,0,0,0,0,0
0,0,0,0,0,0,0,0,0,0,0,0,0,0,0,255,6,233,255,6,233,255,6,233,255,6,233,255,6,233,255,6,233,255,6,233,255,6,233,255,6,233,255,6,233,255,6,233,255,6,233,255,6,233,255,6,233,255,6,233,255,6,233,255,6,233,255,6,233,255,6,233,255,6,233,0,0,0,0,0,0,0,0,0,0,0,0,0,0,0,0,0,0,0,0,0,0,0,0,0,0,0,0,0,0,0,0,0,0,0,0,0,0,0,255,6,233,255,6,233,255,6,233,255,6,233,255,6,237,255,6,233,255,6,233,255,6,233,255,6,233,255,6,233,255,6,233,255,6,233,255,6,237,255,6,233,255,6,233,255,6,233,0,0,0,0,0,0,0,0,0,0,0,0,0,0,0,0,0,0,0,0,0,0,0,0
0,0,0,0,0,0,0,0,0,0,0,0,0,0,0,255,6,233,255,6,233,255,6,233,255,6,233,255,6,233,255,6,233,255,6,233,255,6,233,255,6,233,255,6,233,255,6,233,255,6,233,255,6,233,255,6,233,255,6,233,255,6,233,255,6,233,255,6,233,255,6,233,255,6,233,0,0,0,0,0,0,0,0,0,0,0,0,0,0,0,0,0,0,0,0,0,0,0,0,0,0,0,0,0,0,0,0,0,0,0,0,0,0,0,255,6,233,255,6,233,255,6,240,255,6,233,255,6,233,255,6,233,255,6,233,255,6,233,255,6,233,255,6,233,255,6,240,255,6,233,255,6,233,255,6,233,255,6,233,255,6,233,0,0,0,0,0,0,0,0,0,0,0,0,0,0,0,0,0,0,0,0,0,0,0,0
0,0,0,0,0,0,0,0,0,0,0,0,0,0,0,255,6,233,255,6,233,255,6,233,255,6,233,255,6,233,255,6,233,255,6,233,255,6,233,255,6,233,255,6,233,255,6,233,255,6,233,255,6,233,255,6,233,255,6,233,255,6,233,255,6,233,255,6,233,255,6,233,255,6,233,0,0,0,0,0,0,0,0,0,0,0,0,0,0,0,0,0,0,0,0,0,0,0,0,0,0,0,0,0,0,0,0,0,0,0,0,0,0,0,255,6,233,255,6,233,255,6,233,255,6,233,255,6,233,255,6,240,255,6,233,255,6,233,255,6,233,255,6,233,255,6,233,255,6,233,255,6,233,255,6,240,255,6,233,255,6,233,0,0,0,0,0,0,0,0,0,0,0,0,0,0,0,0,0,0,0,0,0,0,0,0
0,0,0,0,0,0,0,0,0,0,0,0,0,0,0,255,6,233,255,6,233,255,6,233,255,6,233,255,6,233,255,6,233,255,6,233,255,6,233,255,6,233,255,6,233,255,6,233,255,6,233,255,6,233,255,6,233,255,6,233,255,6,233,255,6,233,255,6,233,255,6,233,255,6,233,0,0,0,0,0,0,0,0,0,0,0,0,0,0,0,0,0,0,0,0,0,0,0,0,0,0,0,0,0,0,0,0,0,0,0,0,0,0,0,255,6,233,255,6,233,255,6,233,255,6,233,255,6,233,255,6,233,255,6,233,255,6,233,255,6,233,255,6,233,255,6,233,255,6,233,255,6,233,255,6,233,255,6,233,255,6,233,0,0,0,0,0,0,0,0,0,0,0,0,0,0,0,0,0,0,0,0,0,0,0,0
0,0,0,0,0,0,0,0,0,0,0,0,255,6,233,255,6,233,255,6,233,255,6,233,255,6,233,255,6,233,255,6,233,255,6,233,255,6,233,255,6,233,255,6,233,255,6,233,255,6,233,255,6,233,255,6,233,255,6,233,255,6,233,255,6,233,255,6,233,255,6,233,255,6,233,255,6,233,0,0,0,0,0,0,0,0,0,0,0,0,0,0,0,0,123,186,0,0,0,0,0,0,0,0,0,0,0,0,0,0,0,0,0,0,255,6,233,255,6,233,255,6,233,255,6,233,255,6,233,255,6,233,255,6,233,255,6,233,255,6,233,255,6,233,255,6,233,255,6,233,255,6,233,255,6,233,255,6,233,255,6,233,0,0,0,0,123,184,0,0,0,0,0,0,0,0,0,0,0,0,0,0,0,0,0,0
0,0,0,0,0,0,0,0,0,0,0,0,255,6,233,255,6,233,255,6,233,255,6,233,255,6,233,255,6,233,255,6,233,255,6,233,255,6,233,255,6,233,0,0,0,0,0,0,255,6,233,255,6,233,255,6,233,255,6,233,255,6,233,255,6,233,255,6,233,255,6,233,255,6,233,255,6,233,0,0,0,0,0,0,0,0,0,0,0,0,0,0,0,0,0,0,0,0,0,0,0,0,0,0,0,0,0,0,0,0,0,0,0,0,255,6,233,255,6,233,255,6,233,255,6,233,255,6,233,255,6,245,255,6,233,255,6,233,255,6,233,255,6,233,255,6,233,255,6,233,255,6,233,255,6,245,255,6,233,255,6,233,0,0,0,0,0,0,0,0,0,0,0,0,0,0,0,0,0,0,0,0,0,0,0,0
0,0,0,0,0,0,0,0,0,0,0,0,255,6,233,255,6,233,255,6,233,255,6,233,255,6,233,255,6,233,255,6,233,255,6,233,255,6,233,255,6,233,0,0,0,0,0,0,255,6,233,255,6,233,255,6,233,255,6,233,255,6,233,255,6,233,255,6,233,255,6,233,255,6,233,255,6,233,0,0,0,0,0,0,0,0,0,0,0,0,0,0,0,0,0,0,0,0,0,0,0,0,0,0,0,0,0,0,0,0,0,0,0,0,255,6,233,255,6,233,255,6,237,255,6,233,255,6,233,255,6,237,255,6,233,255,6,233,255,6,233,255,6,233,255,6,237,255,6,233,255,6,233,255,6,237,255,6,233,255,6,233,0,0,0,0,0,0,0,0,0,0,0,0,0,0,0,0,0,0,0,0,0,0,0,0
0,0,0,0,0,0,0,0,0,0,0,0,255,6,233,255,6,233,255,6,235,255,6,233,255,6,233,255,6,233,255,6,233,255,6,233,255,6,233,255,6,233,0,0,0,0,0,0,255,6,233,255,6,233,255,6,233,255,6,233,255,6,233,255,6,233,255,6,233,255,6,235,255,6,233,255,6,233,0,0,0,0,0,0,0,0,0,0,0,0,255,6,233,255,6,233,255,6,233,255,6,233,255,6,233,255,6,233,255,6,233,255,6,233,255,6,233,255,6,233,255,6,240,255,6,233,255,6,233,255,6,242,255,6,233,255,6,233,255,6,233,255,6,233,255,6,240,255,6,233,255,6,233,255,6,242,255,6,233,255,6,233,255,6,233,255,6,233,255,6,233,255,6,233,255,6,233,255,6,233,255,6,233,255,6,233
0,0,0,0,0,0,0,0,0,255,6,233,255,6,233,255,6,233,255,6,233,255,6,233,255,6,233,255,6,233,255,6,233,255,6,233,255,6,233,255,6,233,0,0,0,0,0,0,255,6,233,255,6,233,255,6,233,255,6,233,255,6,233,255,6,233,255,6,233,255,6,233,255,6,233,255,6,233,255,6,233,0,0,0,0,0,0,0,0,0,255,6,233,255,6,233,255,6,247,255,6,233,255,6,233,255,6,233,255,6,233,255,6,233,255,6,233,255,6,233,255,6,235,255,6,233,255,6,233,255,6,240,255,6,233,255,6,233,255,6,233,255,6,233,255,6,235,255,6,233,255,6,233,255,6,240,255,6,233,255,6,233,255,6,233,255,6,233,255,6,247,255,6,233,255,6,233,255,6,233,255,6,233,255,6,233
0,0,0,0,0,0,0,0,0,255,6,233,255,6,233,255,6,233,255,6,233,255,6,233,255,6,233,255,6,233,255,6,233,255,6,233,255,6,233,0,0,0,0,0,0,0,0,0,0,0,0,255,6,233,255,6,233,255,6,233,255,6,233,255,6,233,255,6,233,255,6,233,255,6,233,255,6,233,255,6,233,0,0,0,0,0,0,0,0,0,255,6,233,255,6,233,255,6,233,255,6,233,255,6,233,255,6,233,255,6,233,255,6,233,255,6,233,255,6,233,255,6,233,255,6,233,255,6,233,255,6,233,255,6,233,255,6,233,255,6,233,255,6,233,255,6,233,255,6,233,255,6,233,255,6,233,255,6,233,255,6,233,255,6,233,255,6,233,255,6,233,255,6,233,255,6,233,255,6,233,255,6,233,255,6,233
0,0,0,0,0,0,0,0,0,255,6,233,255,7,233,255,6,233,255,6,233,255,6,233,255,6,233,255,6,233,255,6,233,255,6,233,255,6,233,0,0,0,0,0,0,0,0,0,0,0,0,255,6,233,255,6,233,255,6,233,255,6,233,255,6,233,255,6,233,255,6,233,255,6,233,255,7,233,255,6,233,0,0,0,0,0,0,0,0,0,255,6,233,255,6,233,255,6,240,255,6,233,255,6,233,255,6,233,255,6,233,255,6,233,255,6,233,255,6,233,255,6,233,255,6,233,255,6,233,255,6,233,255,6,233,255,6,233,255,6,233,255,6,233,255,6,233,255,6,233,255,6,233,255,6,233,255,6,233,255,6,233,255,6,233,255,6,233,255,6,240,255,6,233,255,6,233,255,6,233,255,6,233,255,6,233
0,0,0,0,0,0,0,0,0,255,6,233,255,6,233,255,6,233,255,6,233,255,6,233,255,6,233,255,6,233,255,6,233,255,6,233,255,6,233,0,0,0,0,0,0,0,0,0,0,0,0,255,6,233,255,6,233,255,6,233,255,6,233,255,6,233,255,6,233,255,6,233,255,6,233,255,6,233,255,6,233,0,0,0,0,0,0,0,0,0,255,6,233,255,6,233,255,6,233,255,6,233,255,6,233,255,6,233,255,6,233,255,6,233,255,6,233,255,6,233,255,6,233,255,6,245,255,6,233,255,6,233,255,6,233,255,6,233,255,6,233,255,6,233,255,6,233,255,7,245,255,6,233,255,6,233,255,6,233,255,6,233,255,6,233,255,6,233,255,6,233,255,6,233,255,6,233,255,6,233,255,6,233,255,6,233
0,0,0,0,0,0,255,6,233,255,6,233,255,6,233,255,6,233,255,6,233,255,6,233,255,6,233,255,6,235,255,6,233,255,6,233,255,6,233,0,0,0,0,0,0,0,0,0,0,0,0,255,6,233,255,6,233,255,6,233,255,6,235,255,6,233,255,6,233,255,6,233,255,6,233,255,6,233,255,6,233,255,6,233,0,0,0,0,0,0,255,6,233,255,6,233,255,6,233,255,6,233,255,6,237,255,6,235,255,6,233,255,6,233,255,6,233,255,6,233,255,6,233,255,6,233,255,6,233,255,6,233,255,6,233,255,6,233,255,6,233,255,6,233,255,6,233,255,6,233,255,6,233,255,6,233,255,6,233,255,6,233,255,6,233,255,6,233,255,6,233,255,6,233,255,6,237,255,6,235,255,6,233,255,6,233
0,0,0,0,0,0,255,6,233,255,6,242,255,6,233,255,6,233,255,6,233,255,6,233,255,7,233,255,6,233,255,6,233,255,6,233,0,0,0,0,0,0,0,0,0,0,0,0,0,0,0,0,0,0,255,6,233,255,6,233,255,6,233,255,7,233,255,6,233,255,6,233,255,6,233,255,6,233,255,6,242,255,6,233,0,0,0,0,0,0,255,6,233,255,6,233,255,6,233,255,6,245,255,6,233,255,6,233,255,6,233,255,6,233,255,6,233,255,6,233,255,6,233,255,6,233,255,6,233,255,6,242,255,6,233,255,6,233,255,6,233,255,6,233,255,6,233,255,6,233,255,6,233,255,6,242,255,6,233,255,6,233,255,6,233,255,6,233,255,6,233,255,6,245,255,6,233,255,6,233,255,6,233,255,6,233
0,0,0,0,0,0,255,6,233,255,6,233,255,6,233,255,6,233,255,6,233,255,6,233,255,6,233,255,6,233,255,6,233,255,6,233,0,0,0,0,0,0,0,0,0,0,0,0,0,0,0,0,0,0,255,6,233,255,6,233,255,6,233,255,6,233,255,6,233,255,6,233,255,6,233,255,6,233,255,6,233,255,6,233,0,0,0,0,0,0,255,6,233,255,6,233,255,6,233,255,7,233,255,6,237,255,6,233,255,6,233,255,6,233,255,6,233,255,6,233,255,6,240,255,6,233,255,6,233,255,6,233,255,6,233,255,6,233,255,6,233,255,6,233,255,6,240,255,6,233,255,6,233,255,6,233,255,6,233,255,6,233,255,6,233,255,6,233,255,6,233,255,7,233,255,6,237,255,6,233,255,6,233,255,6,233
0,0,0,0,0,0,255,6,233,255,6,233,255,6,240,255,6,233,255,6,233,255,6,233,255,6,233,255,6,233,255,6,233,255,6,233,0,0,0,0,0,0,0,0,0,0,0,0,0,0,0,0,0,0,255,6,233,255,6,233,255,6,233,255,6,233,255,6,233,255,6,233,255,6,233,255,6,240,255,6,233,255,6,233,0,0,0,0,0,0,255,6,233,255,6,233,255,6,233,255,6,233,255,6,247,255,6,233,255,6,233,255,6,233,255,6,233,255,6,233,255,6,240,255,6,233,255,6,233,255,6,233,255,6,233,255,6,233,255,6,233,255,6,233,255,6,240,255,6,233,255,6,233,255,6,233,255,6,233,255,6,233,255,6,233,255,6,233,255,6,233,255,7,233,255,6,247,255,6,233,255,6,233,255,6,233
0,0,0,255,6,233,255,6,233,255,6,233,255,6,233,255,6,233,255,6,233,255,6,233,255,6,233,255,6,233,255,6,233,255,6,233,0,0,0,0,0,0,0,0,0,0,0,0,0,0,0,0,0,0,255,6,233,255,6,233,255,6,233,255,6,233,255,6,233,255,6,233,255,6,233,255,6,233,255,6,233,255,6,233,255,6,233,0,0,0,255,6,233,255,6,233,255,6,233,255,6,233,255,6,233,255,6,233,255,6,233,255,6,233,255,6,233,255,6,233,255,6,233,255,6,233,255,6,233,255,6,233,255,6,233,255,6,233,255,6,233,255,6,233,255,6,233,255,6,233,255,6,233,255,6,233,255,6,233,255,6,233,255,6,233,255,6,233,255,6,233,255,6,233,255,6,233,255,6,233,255,6,233,255,6,233
0,0,0,255,6,233,255,6,233,255,6,233,255,6,233,255,6,233,255,6,233,255,6,233,255,6,233,255,6,233,255,6,233,0,0,0,0,0,0,0,0,0,0,0,0,0,0,0,0,0,0,0,0,0,0,0,0,255,6,233,255,6,233,255,6,233,255,6,233,255,6,233,255,6,233,255,6,233,255,6,233,255,6,233,255,6,233,0,0,0,255,6,233,255,6,233,255,6,233,255,6,233,255,6,233,255,6,233,255,6,233,255,6,233,255,6,233,255,6,233,255,6,233,255,6,233,255,6,233,255,6,233,255,6,233,255,6,233,255,6,233,255,6,233,255,6,233,255,6,233,255,6,233,255,6,233,255,6,233,255,6,233,255,6,233,255,6,233,255,6,233,255,6,233,255,6,233,255,6,233,255,6,233,255,6,233
0,0,0,255,6,233,255,6,233,255,6,233,255,6,233,255,6,233,255,6,233,255,6,233,255,6,233,255,6,233,255,6,233,0,0,0,0,0,0,0,0,0,0,0,0,0,0,0,0,0,0,0,0,0,0,0,0,255,6,233,255,6,233,255,6,233,255,6,233,255,6,233,255,6,233,255,6,233,255,6,233,255,6,233,255,6,233,0,0,0,255,6,233,255,6,233,255,6,233,255,6,233,255,6,233,255,6,233,255,6,233,255,6,233,0,0,0,0,0,0,0,0,0,0,0,0,0,0,0,0,0,0,0,0,0,0,0,0,0,0,0,0,0,0,0,0,0,0,0,0,0,0,0,0,0,0,0,0,0,0,0,0,255,6,233,255,6,233,255,6,233,255,6,233,255,6,233,255,6,233,255,6,233,255,6,233
0,0,0,255,6,233,255,6,233,255,6,233,255,6,233,255,6,233,255,6,233,255,6,233,255,6,233,255,6,233,255,6,233,0,0,0,0,0,0,0,0,0,0,0,0,0,0,0,0,0,0,0,0,0,0,0,0,255,6,233,255,6,233,255,6,233,255,6,233,255,6,233,255,6,233,255,6,233,255,6,233,255,6,233,255,6,233,0,0,0,255,6,233,255,6,233,255,6,233,255,6,233,255,6,233,255,6,233,255,6,233,255,6,233,0,0,0,0,0,0,0,0,0,0,0,0,0,0,0,0,0,0,0,0,0,0,0,0,0,0,0,0,0,0,0,0,0,0,0,0,0,0,0,0,0,0,0,0,0,0,0,0,255,6,233,255,6,233,255,6,233,255,6,233,255,6,233,255,6,233,255,6,233,255,6,233
29,0,26,255,6,233,255,6,233,255,6,233,255,6,233,255,6,233,255,6,233,255,6,233,255,6,233,255,6,233,255,6,233,0,0,0,0,0,0,0,0,0,0,0,0,0,0,0,0,0,0,0,0,0,0,0,0,255,6,233,255,6,233,255,6,233,255,6,233,255,6,233,255,6,233,255,6,233,255,6,233,255,6,233,255,6,233,29,0,26,255,6,233,255,6,233,255,6,233,255,6,233,255,6,233,255,6,233,255,6,233,255,6,233,0,0,0,0,0,0,0,0,0,0,0,0,0,0,0,0,0,0,0,0,0,0,0,0,0,0,0,0,0,0,0,0,0,0,0,0,0,0,0,0,0,0,0,0,0,0,0,0,255,6,233,255,6,233,255,6,233,255,6,233,255,6,233,255,6,233,255,6,233,255,6,233
255,6,233,255,6,233,255,6,233,255,6,233,255,6,233,255,6,233,255,6,233,255,6,233,255,6,233,255,6,233,255,6,233,0,0,0,0,0,0,0,0,0,0,0,0,0,0,0,0,0,0,0,0,0,0,0,0,255,6,233,255,6,233,255,6,233,255,6,233,255,6,233,255,6,233,255,6,233,255,6,233,255,6,233,255,6,233,255,6,233,255,6,233,255,6,233,255,6,233,255,6,233,255,6,233,255,6,233,255,6,233,255,6,233,0,0,0,0,0,0,0,0,0,0,0,0,0,0,0,0,0,0,0,0,0,0,0,0,0,0,0,0,0,0,0,0,0,0,0,0,0,0,0,0,0,0,0,0,0,0,0,0,255,6,233,255,6,233,255,6,233,255,6,233,255,6,233,255,6,233,255,6,233,255,6,233
255,6,233,255,6,233,255,6,233,255,6,233,255,6,233,255,6,233,255,6,233,255,6,233,255,6,233,255,6,233,0,0,0,0,0,0,0,0,0,0,0,0,0,0,0,0,0,0,0,0,0,0,0,0,0,0,0,0,0,0,255,6,233,255,6,233,255,6,233,255,6,233,255,6,233,255,6,233,255,6,233,255,6,233,255,6,233,255,6,233,255,6,233,255,6,233,255,6,233,255,6,233,255,6,233,255,6,233,255,6,233,255,6,233,0,0,0,0,0,0,0,0,0,0,0,0,0,0,0,0,0,0,0,0,0,0,0,0,0,0,0,0,0,0,0,0,0,0,0,0,0,0,0,0,0,0,0,0,0,0,0,0,255,6,233,255,6,233,255,6,233,255,6,233,255,6,233,255,6,233,255,6,233,255,6,233
255,6,233,255,6,233,255,6,233,255,6,233,255,6,233,255,6,233,255,6,233,255,6,233,255,6,233,255,6,233,0,0,0,0,0,0,0,0,0,0,0,0,0,0,0,0,0,0,0,0,0,0,0,0,0,0,0,0,0,0,255,6,233,255,6,233,255,6,233,255,6,233,255,6,233,255,6,233,255,6,233,255,6,233,255,6,233,255,6,233,255,6,233,255,6,233,255,6,233,255,6,233,255,6,233,255,6,233,255,6,233,255,6,233,0,0,0,0,0,0,0,0,0,0,0,0,0,0,0,0,0,0,0,0,0,0,0,0,0,0,0,0,0,0,0,0,0,0,0,0,0,0,0,0,0,0,0,0,0,0,0,0,255,6,233,255,6,233,255,6,233,255,6,233,255,6,233,255,6,233,255,6,233,255,6,233
255,6,233,255,6,233,255,6,233,255,6,233,255,6,233,255,6,233,255,6,233,255,6,233,255,6,233,255,6,233,0,0,0,0,0,0,0,0,0,0,0,0,0,0,0,0,0,0,0,0,0,0,0,0,0,0,0,0,0,0,255,6,233,255,6,233,255,6,233,255,6,233,255,6,233,255,6,233,255,6,233,255,6,233,255,6,233,255,6,233,255,6,233,255,6,233,255,6,233,255,6,233,255,6,233,255,6,233,255,6,233,255,6,233,0,0,0,0,0,0,0,0,0,0,0,0,0,0,0,0,0,0,0,0,0,0,0,0,0,0,0,0,0,0,0,0,0,0,0,0,0,0,0,0,0,0,0,0,0,0,0,0,255,6,233,255,6,233,255,6,233,255,6,233,255,6,233,255,6,233,255,6,233,255,6,233
255,6,233,255,6,233,255,6,233,255,6,233,255,6,233,255,6,233,255,6,233,255,6,233,255,6,233,255,6,233,0,0,0,0,0,0,0,0,0,0,0,0,0,0,0,0,0,0,0,0,0,0,0,0,0,0,0,0,0,0,255,6,233,255,6,233,255,6,233,255,6,233,255,6,233,255,6,233,255,6,233,255,6,233,255,6,233,255,6,233,255,6,233,255,6,233,255,6,233,255,6,233,255,6,233,255,6,233,255,6,233,255,6,233,0,0,0,0,0,0,0,0,0,0,0,0,0,0,0,0,0,0,0,0,0,0,0,0,0,0,0,0,0,0,0,0,0,0,0,0,0,0,0,0,0,0,0,0,0,0,0,0,255,6,233,255,6,233,255,6,233,255,6,233,255,6,233,255,6,233,255,6,233,255,6,233
255,6,233,255,6,233,255,6,233,255,6,233,255,6,233,255,6,233,255,6,233,255,6,233,255,6,233,0,0,0,0,0,0,0,0,0,0,0,0,0,0,0,0,0,0,0,0,0,0,0,0,0,0,0,0,0,0,0,0,0,0,0,0,255,6,233,255,6,233,255,6,233,255,6,233,255,6,233,255,6,233,255,6,233,255,6,233,255,6,233,255,6,233,255,6,233,255,6,233,255,6,233,255,6,233,255,6,233,255,6,233,255,6,233,0,0,0,0,0,0,0,0,0,0,0,0,0,0,0,0,0,0,0,0,0,0,0,0,0,0,0,0,0,0,0,0,0,0,0,0,0,0,0,0,0,0,0,0,0,0,0,0,255,6,233,255,6,233,255,6,233,255,6,233,255,6,233,255,6,233,255,6,233,255,6,233
255,6,233,255,6,233,255,6,233,255,6,233,255,6,233,255,6,233,255,6,233,255,6,233,255,6,233,0,0,0,0,0,0,0,0,0,0,0,0,0,0,0,0,0,0,0,0,0,0,0,0,0,0,0,0,0,0,0,0,0,0,0,0,255,6,233,255,6,233,255,6,233,255,6,233,255,6,233,255,6,233,255,6,233,255,6,233,255,6,233,255,6,233,255,6,233,255,6,233,255,6,233,255,6,233,255,6,233,255,6,233,255,6,233,0,0,0,0,0,0,0,0,0,0,0,0,0,0,0,0,0,0,0,0,0,0,0,0,0,0,0,0,0,0,0,0,0,0,0,0,0,0,0,0,0,0,0,0,0,0,0,0,255,6,233,255,6,233,255,6,233,255,6,233,255,6,233,255,6,233,255,6,233,255,6,233
255,6,233,255,6,233,255,6,233,255,6,233,255,6,233,255,6,233,255,6,233,255,6,233,255,6,233,0,0,0,0,0,0,0,0,0,0,0,0,0,0,0,0,0,0,0,0,0,0,0,0,0,0,0,0,0,0,0,0,0,0,0,0,255,6,233,255,6,233,255,6,233,255,6,233,255,6,233,255,6,233,255,6,233,255,6,233,255,6,233,255,6,233,255,6,233,255,6,233,255,6,233,255,6,233,255,6,233,255,6,233,255,6,233,0,0,0,0,0,0,0,0,0,0,0,0,0,0,0,0,0,0,0,0,0,0,0,0,0,0,0,0,0,0,0,0,0,0,0,0,0,0,0,0,0,0,0,0,0,0,0,0,255,6,233,255,6,233,255,6,233,255,6,233,255,6,233,255,6,233,255,6,233,255,6,233
255,6,233,255,6,237,255,6,233,255,6,233,255,6,233,255,6,233,255,6,233,255,6,233,203,4,186,0,0,0,0,0,0,0,0,0,0,0,0,0,0,0,0,0,0,0,0,0,0,0,0,0,0,0,0,0,0,0,0,0,0,0,0,205,4,186,255,6,233,255,6,233,255,6,233,255,6,233,255,6,233,255,6,233,255,6,237,255,6,233,255,6,233,255,6,233,255,6,233,255,6,233,255,6,233,255,6,233,255,6,233,255,6,233,0,0,0,0,0,0,0,0,0,0,0,0,0,0,0,0,0,0,0,0,0,0,0,0,0,0,0,0,0,0,0,0,0,0,0,0,0,0,0,0,0,0,0,0,0,0,0,0,255,6,233,255,6,233,255,6,233,255,6,233,255,6,233,255,6,233,255,6,233,255,6,233
255,6,233,255,6,233,255,6,233,255,6,233,255,6,233,255,6,233,255,6,233,255,6,233,0,0,0,0,0,0,0,0,0,0,0,0,0,0,0,0,0,0,0,0,0,0,0,0,0,0,0,0,0,0,0,0,0,0,0,0,0,0,0,0,0,0,255,6,233,255,6,233,255,6,233,255,6,233,255,6,233,255,6,233,255,6,233,255,6,233,255,6,233,255,6,233,255,6,233,255,6,233,255,6,233,255,6,233,255,6,233,255,6,233,0,0,0,0,0,0,0,0,0,0,0,0,0,0,0,0,0,0,0,0,0,0,0,0,0,0,0,0,0,0,0,0,0,0,0,0,0,0,0,0,0,0,0,0,0,0,0,0,255,6,233,255,6,233,255,6,233,255,6,233,255,6,233,255,6,233,255,6,233,255,6,233
255,6,233,255,6,233,255,6,233,255,6,233,255,6,233,255,6,233,255,6,233,255,6,233,0,0,0,0,0,0,0,0,0,0,0,0,0,0,0,0,0,0,0,0,0,0,0,0,0,0,0,0,0,0,0,0,0,0,0,0,0,0,0,0,0,0,255,6,233,255,6,233,255,6,233,255,6,233,255,6,233,255,6,233,255,6,233,255,6,233,255,6,233,255,6,233,255,6,233,255,6,233,255,6,233,255,6,233,255,6,233,255,6,233,0,0,0,0,0,0,0,0,0,0,0,0,0,0,0,0,0,0,0,0,0,0,0,0,0,0,0,0,0,0,0,0,0,0,0,0,0,0,0,0,0,0,0,0,0,0,0,0,255,6,233,255,6,233,255,6,233,255,6,233,255,6,233,255,6,233,255,6,233,255,6,233
255,6,233,255,6,233,255,6,233,255,6,233,255,6,233,255,6,233,255,6,233,255,6,233,0,0,0,0,0,0,0,0,0,0,0,0,0,0,0,0,0,0,0,0,0,0,0,0,0,0,0,0,0,0,0,0,0,0,0,0,0,0,0,0,0,0,255,6,233,255,6,233,255,6,233,255,6,233,255,6,233,255,6,233,255,6,233,255,6,233,255,6,233,255,6,233,255,6,233,255,6,233,255,6,233,255,6,233,255,6,233,255,6,233,0,0,0,0,0,0,0,0,0,0,0,0,0,0,0,0,0,0,0,0,0,0,0,0,0,0,0,0,0,0,0,0,0,0,0,0,0,0,0,0,0,0,0,0,0,0,0,0,255,6,233,255,6,233,255,6,233,255,6,233,255,6,233,255,6,233,255,6,233,255,6,233
255,6,233,255,6,233,255,6,233,255,6,233,255,6,233,255,6,233,255,6,233,44,1,40,0,0,0,0,0,0,0,0,0,0,0,0,0,0,0,0,0,0,0,0,0,0,0,0,0,0,0,0,0,0,0,0,0,0,0,0,0,0,0,0,0,0,44,1,40,255,6,233,255,6,233,255,6,233,255,6,233,255,6,233,255,6,233,255,6,233,255,6,233,255,6,233,255,6,233,255,6,233,255,6,233,255,6,233,255,6,233,255,6,233,0,0,0,0,0,0,0,0,0,0,0,0,0,0,0,0,0,0,0,0,0,0,0,0,0,0,0,0,0,0,0,0,0,0,0,0,0,0,0,0,0,0,0,0,0,0,0,0,255,6,233,255,6,233,255,6,233,255,6,233,255,6,233,255,6,233,255,6,233,255,6,233
255,6,233,255,6,233,255,6,233,255,6,233,255,6,233,255,6,233,255,6,233,0,0,0,0,0,0,0,0,0,0,0,0,0,0,0,0,0,0,0,0,0,0,0,0,0,0,0,0,0,0,0,0,0,0,0,0,0,0,0,0,0,0,0,0,0,0,0,0,255,6,233,255,6,233,255,6,233,255,6,233,255,6,233,255,6,233,255,6,233,255,6,233,255,6,233,255,6,233,255,6,233,255,6,233,255,6,233,255,6,233,255,6,233,0,0,0,0,0,0,0,0,0,0,0,0,0,0,0,0,0,0,0,0,0,0,0,0,0,0,0,0,0,0,0,0,0,0,0,0,0,0,0,0,0,0,0,0,0,0,0,0,255,6,233,255,6,233,255,6,233,255,6,233,255,6,233,255,6,233,255,6,233,255,6,233
255,6,233,255,6,233,255,6,233,255,6,233,255,6,233,255,255,255,255,6,233,0,0,0,0,0,0,0,0,0,0,0,0,0,0,0,0,0,0,0,0,0,0,0,0,0,0,0,0,0,0,0,0,0,0,0,0,0,0,0,0,0,0,0,0,0,0,0,0,255,6,233,255,255,255,255,6,233,255,6,233,255,6,233,255,6,233,255,6,233,255,6,233,255,6,233,255,6,233,255,6,233,255,6,233,255,6,233,255,6,233,255,6,233,0,0,0,0,0,0,0,0,0,0,0,0,0,0,0,0,0,0,0,0,0,0,0,0,0,0,0,0,0,0,0,0,0,0,0,0,0,0,0,0,0,0,0,0,0,0,0,0,255,6,233,255,6,233,255,6,233,255,6,233,255,6,233,255,6,233,255,6,233,255,6,233
255,6,233,255,6,233,255,6,233,255,6,233,255,6,233,255,6,233,255,6,233,0,0,0,0,0,0,0,0,0,0,0,0,0,0,0,0,0,0,0,0,0,0,0,0,0,0,0,0,0,0,0,0,0,0,0,0,0,0,0,0,0,0,0,0,0,0,0,0,255,6,233,255,6,233,255,6,233,255,6,233,255,6,233,255,6,233,255,6,233,255,6,233,255,6,233,255,6,233,255,6,233,255,6,233,255,6,233,255,6,233,255,6,233,0,0,0,0,0,0,0,0,0,0,0,0,0,0,0,0,0,0,0,0,0,0,14,18,0,0,0,0,0,0,0,0,0,0,0,0,0,0,0,0,0,0,0,0,0,0,15,19,255,6,233,255,6,233,255,6,233,255,6,233,255,6,233,255,6,233,255,6,233,255,6,233
255,6,233,255,6,233,255,6,233,255,6,233,255,6,233,255,6,233,255,6,233,0,0,0,0,0,0,0,0,0,0,0,0,0,0,0,0,0,0,0,0,0,0,0,0,0,0,0,0,0,0,0,0,0,0,0,0,0,0,0,0,0,0,0,0,0,0,0,0,255,6,233,255,6,233,255,6,233,255,6,233,255,6,233,255,6,233,255,6,233,255,6,233,255,6,233,255,6,233,255,6,233,255,6,233,255,6,233,255,6,233,255,6,233,0,0,0,0,0,0,0,0,0,0,0,0,0,0,0,0,0,0,0,0,0,0,0,0,0,0,0,0,0,0,0,0,0,0,0,0,0,0,0,0,0,0,0,0,0,0,0,0,255,6,233,255,6,233,255,6,233,255,6,233,255,6,233,255,6,233,255,6,233,255,6,233
255,6,235,255,6,242,255,6,233,255,6,233,255,6,233,255,6,233,0,0,0,0,0,0,0,0,0,0,0,0,0,0,0,0,0,0,0,0,0,0,0,0,0,0,0,0,0,0,0,0,0,0,0,0,0,0,0,0,0,0,0,0,0,0,0,0,0,0,0,0,0,0,255,6,233,255,6,233,255,6,233,255,6,233,255,6,242,255,6,235,255,6,233,255,6,233,255,6,233,255,6,233,255,6,233,255,6,233,255,6,233,255,6,233,0,0,0,0,0,0,0,0,0,0,0,0,0,0,0,0,0,0,0,0,0,0,0,0,0,0,0,0,0,0,0,0,0,0,0,0,0,0,0,0,0,0,0,0,0,0,0,0,255,6,233,255,6,233,255,6,233,255,6,233,255,6,233,255,6,233,255,6,233,255,6,233
255,6,233,255,6,233,255,6,233,255,6,233,255,6,233,255,6,233,0,0,0,0,0,0,0,0,0,0,0,0,0,0,0,0,0,0,0,0,0,0,0,0,0,0,0,0,0,0,0,0,0,0,0,0,0,0,0,0,0,0,0,0,0,0,0,0,0,0,0,0,0,0,255,6,233,255,6,233,255,6,233,255,6,233,255,6,233,255,6,233,255,6,233,255,6,233,255,6,233,255,6,233,255,6,233,255,6,233,255,6,233,255,6,233,0,0,0,0,0,0,0,0,0,0,0,0,0,0,0,0,0,0,0,0,0,0,0,0,0,0,0,0,0,0,0,0,0,0,0,0,0,0,0,0,0,0,0,0,0,0,0,0,255,6,233,255,6,233,255,6,233,255,6,233,255,6,233,255,6,233,255,6,233,255,6,233
255,6,233,255,6,235,255,6,233,255,6,233,255,6,233,255,6,233,0,0,0,0,0,0,0,0,0,0,0,0,0,0,0,0,0,0,0,0,0,0,0,0,0,0,0,0,0,0,0,0,0,0,0,0,0,0,0,0,0,0,0,0,0,0,0,0,0,0,0,0,0,0,255,6,233,255,6,233,255,6,233,255,6,233,255,6,235,255,6,233,255,6,233,255,6,233,255,6,240,255,6,233,255,6,233,255,6,233,255,6,233,255,6,233,0,0,0,0,0,0,0,0,0,0,0,0,0,0,0,0,0,0,0,0,0,0,0,0,0,0,0,0,0,0,0,0,0,0,0,0,0,0,0,0,0,0,0,0,0,0,0,0,255,6,233,255,6,233,255,6,240,255,6,233,255,6,233,255,6,233,255,6,233,255,6,233
255,6,233,255,6,233,255,6,233,255,6,233,255,6,233,255,6,233,0,0,0,0,0,0,0,0,0,0,0,0,0,0,0,0,0,0,0,0,0,0,0,0,0,0,0,0,0,0,0,0,0,0,0,0,0,0,0,0,0,0,0,0,0,0,0,0,0,0,0,0,0,0,255,6,233,255,6,233,255,6,233,255,6,233,255,6,233,255,6,233,255,6,233,255,6,233,255,6,237,255,6,233,255,6,240,255,6,237,255,6,233,255,6,233,0,0,0,0,0,0,0,0,0,0,0,0,0,0,0,0,0,0,0,0,0,0,0,0,0,0,0,0,0,0,0,0,0,0,0,0,0,0,0,0,0,0,0,0,0,0,0,0,255,6,233,255,6,233,255,6,237,255,6,233,255,6,240,255,6,237,255,6,233,255,6,233
255,6,233,255,6,233,255,6,233,255,6,233,255,6,233,0,0,0,0,0,0,0,0,0,0,0,0,0,0,0,0,0,0,0,0,0,0,0,0,0,0,0,0,0,0,0,0,0,0,0,0,0,0,0,0,0,0,0,0,0,0,0,0,0,0,0,0,0,0,0,0,0,0,0,0,255,6,233,255,6,233,255,6,233,255,6,233,255,6,233,255,6,233,255,6,233,255,6,233,255,6,233,255,6,233,255,6,240,255,6,233,255,6,233,0,0,0,0,0,0,0,0,0,0,0,0,0,0,0,0,0,0,0,0,0,0,0,0,0,0,0,0,0,0,0,0,0,0,0,0,0,0,0,0,0,0,0,0,0,0,0,0,255,6,233,255,6,233,255,6,233,255,6,233,255,6,233,255,7,240,255,6,233,255,6,233
255,6,233,255,6,233,255,6,233,255,6,233,255,6,233,0,0,0,0,0,0,0,0,0,0,0,0,0,0,0,0,0,0,0,0,0,0,0,0,0,0,0,0,0,0,0,0,0,0,0,0,0,0,0,0,0,0,0,0,0,0,0,0,0,0,0,0,0,0,0,0,0,0,0,0,255,6,233,255,6,233,255,6,233,255,6,233,255,6,233,255,6,233,255,6,233,255,6,237,255,6,240,255,6,233,255,255,255,255,6,233,255,6,233,0,0,0,0,0,0,0,0,0,0,0,0,0,0,0,0,0,0,0,0,0,0,0,0,0,0,0,0,0,0,0,0,0,0,0,0,0,0,0,0,0,0,0,0,0,0,0,0,255,6,233,255,6,233,255,6,237,255,6,240,255,6,233,255,255,255,255,6,233,255,6,233
255,6,245,255,6,233,255,6,233,255,6,235,255,6,233,0,0,0,0,0,0,0,0,0,0,0,0,0,0,0,0,0,0,0,0,0,0,0,0,0,0,0,0,0,0,0,0,0,0,0,0,0,0,0,0,0,0,0,0,0,0,0,0,0,0,0,0,0,0,0,0,0,0,0,0,255,6,233,255,6,235,255,6,233,255,6,233,255,6,245,255,6,233,255,6,233,255,6,233,255,6,233,255,6,233,255,6,233,255,6,233,255,6,233,0,0,0,0,0,0,0,0,0,0,0,0,0,0,0,0,0,0,0,0,0,0,0,0,0,0,0,0,0,0,0,0,0,0,0,0,0,0,0,0,0,0,0,0,0,0,0,0,255,6,233,255,6,233,255,6,233,255,6,233,255,6,233,255,6,233,255,6,233,255,6,233
255,7,242,255,6,233,255,6,233,255,6,233,255,6,237,0,0,0,0,0,0,0,0,0,0,0,0,0,0,0,0,0,0,0,0,0,0,0,0,0,0,0,0,0,0,0,0,0,0,0,0,0,0,0,0,0,0,0,0,0,0,0,0,0,0,0,0,0,0,0,0,0,0,0,0,255,6,237,255,6,233,255,6,233,255,6,233,255,7,242,255,6,233,255,6,233,255,6,233,255,6,240,255,6,233,255,6,233,255,6,233,255,6,233,0,0,0,0,0,0,0,0,0,0,0,0,0,0,0,0,0,0,0,0,0,0,0,0,0,0,0,0,0,0,0,0,0,0,0,0,0,0,0,0,0,0,0,0,0,0,0,0,255,6,233,255,6,233,255,6,233,255,6,240,255,6,233,255,6,233,255,6,233,255,6,233
255,6,233,255,6,237,255,6,233,255,6,233,0,0,0,0,0,0,0,0,0,0,0,0,0,0,0,0,0,0,0,0,0,0,0,0,0,0,0,0,0,0,0,0,0,0,0,0,0,0,0,0,0,0,0,0,0,0,0,0,0,0,0,0,0,0,0,0,0,0,0,0,0,0,0,0,0,0,255,6,233,255,6,233,255,6,240,255,6,233,255,6,233,255,6,233,255,6,233,255,6,240,255,6,233,255,6,233,255,6,233,255,6,233,0,0,0,0,0,0,0,0,0,0,0,0,0,0,0,0,0,0,0,0,0,0,0,0,0,0,0,0,0,0,0,0,0,0,0,0,0,0,0,0,0,0,0,0,0,0,0,0,255,6,233,255,6,233,255,6,233,255,6,240,255,6,233,255,6,233,255,6,233,255,6,233
255,6,233,255,6,233,255,6,233,255,6,233,0,0,0,0,0,0,0,0,0,0,0,0,0,0,0,0,0,0,0,0,0,0,0,0,0,0,0,0,0,0,0,0,0,0,0,0,0,0,0,0,0,0,0,0,0,0,0,0,0,0,0,0,0,0,0,0,0,0,0,0,0,0,0,0,0,0,255,6,233,255,6,233,255,6,233,255,6,233,255,6,233,255,6,233,255,6,233,255,6,235,255,6,240,255,6,233,255,6,233,255,6,233,0,0,0,0,0,0,0,0,0,0,0,0,0,0,0,0,0,0,0,0,0,0,0,0,0,0,0,0,0,0,0,0,0,0,0,0,0,0,0,0,0,0,0,0,0,0,0,0,255,6,233,255,6,233,255,6,233,255,6,235,255,6,240,255,6,233,255,6,233,255,6,233
255,6,233,255,6,233,255,6,233,255,6,233,0,0,0,0,0,0,0,0,0,0,0,0,0,0,0,0,0,0,0,0,0,0,0,0,0,0,0,0,0,0,0,0,0,0,0,0,0,0,0,0,0,0,0,0,0,0,0,0,0,0,0,0,0,0,0,0,0,0,0,0,0,0,0,0,0,0,255,6,233,255,6,233,255,6,233,255,6,233,255,6,233,255,6,233,255,6,233,255,6,240,255,6,233,255,160,255,255,6,233,255,6,233,0,0,0,0,0,0,0,0,0,0,0,0,0,0,0,0,0,0,0,0,0,0,0,0,0,0,0,0,0,0,0,0,0,0,0,0,0,0,0,0,0,0,0,0,0,0,0,0,255,6,233,255,6,233,255,6,233,255,6,240,255,6,233,255,156,255,255,6,233,255,6,233
255,6,233,255,6,233,255,6,233,255,6,233,0,0,0,0,0,0,0,0,0,0,0,0,0,0,0,0,0,0,0,0,0,0,0,0,0,0,0,0,0,0,0,0,0,0,0,0,0,0,0,0,0,0,0,0,0,0,0,0,0,0,0,0,0,0,0,0,0,0,0,0,0,0,0,0,0,0,255,6,233,255,6,233,255,6,233,255,6,233,0,0,0,0,0,0,0,255,255,0,0,0,0,0,0,0,0,0,0,0,0,0,0,0,0,0,0,0,0,0,0,0,0,0,0,0,0,0,0,0,0,0,0,0,0,0,0,0,0,0,0,0,0,0,0,0,0,0,0,0,0,0,0,0,0,0,0,0,0,0,0,0,0,0,0,0,0,0,0,255,255,0,0,0,0,0,0,0,0,0,0,0,0,0,0,0
255,6,233,255,6,233,255,6,233,0,0,0,0,0,0,0,0,0,0,0,0,0,0,0,0,0,0,0,0,0,0,0,0,0,0,0,0,0,0,0,0,0,0,0,0,0,0,0,0,0,0,0,0,0,0,0,0,0,0,0,0,0,0,0,0,0,0,0,0,0,0,0,0,0,0,0,0,0,0,0,0,255,6,233,255,6,233,255,6,233,0,0,0,0,0,0,0,0,0,0,0,0,0,0,0,0,0,0,0,0,0,0,0,0,0,0,0,0,0,0,0,0,0,0,0,0,0,0,0,0,0,0,0,0,0,0,0,0,0,0,0,0,0,0,0,0,0,0,0,0,0,0,0,0,0,0,0,0,0,0,0,0,0,0,0,0,0,0,0,0,0,0,0,0,0,0,0,0,0,0,0,0,0,0,0,0
255,6,233,255,6,233,255,6,233,0,0,0,0,0,0,0,0,0,0,0,0,0,0,0,0,0,0,0,0,0,0,0,0,0,0,0,0,0,0,0,0,0,0,0,0,0,0,0,0,0,0,0,0,0,0,0,0,0,0,0,0,0,0,0,0,0,0,0,0,0,0,0,0,0,0,0,0,0,0,0,0,255,6,233,255,6,233,255,6,233,0,0,0,0,0,0,0,0,1,0,0,0,0,0,0,0,0,0,0,0,0,0,0,0,0,0,0,0,0,0,0,0,0,0,0,0,0,0,0,0,0,0,0,0,0,0,0,0,0,0,0,0,0,0,0,0,0,0,0,0,0,0,0,0,0,0,0,0,0,0,0,0,0,0,0,0,0,0,0,0,1,0,0,0,0,0,0,0,0,0,0,0,0,0,0,0
255,6,233,255,6,233,255,6,233,0,0,0,0,0,0,0,0,0,0,0,0,0,0,0,0,0,0,0,0,0,0,0,0,0,0,0,0,0,0,0,0,0,0,0,0,0,0,0,0,0,0,0,0,0,0,0,0,0,0,0,0,0,0,0,0,0,0,0,0,0,0,0,0,0,0,0,0,0,0,0,0,255,6,233,255,6,233,255,6,233,0,0,0,0,0,0,0,0,0,0,0,0,0,0,0,0,0,0,0,0,0,0,0,0,0,0,0,0,0,0,0,0,0,0,0,0,0,0,0,0,0,0,0,0,0,0,0,0,0,0,0,0,0,0,0,0,0,0,0,0,0,0,0,0,0,0,0,0,0,0,0,0,0,0,0,0,0,0,0,0,0,0,0,0,0,0,0,0,0,0,0,0,0,0,0,0
255,6,233,255,6,233,255,6,233,0,0,0,0,0,0,0,0,0,0,0,0,0,0,0,0,0,0,0,0,0,0,0,0,0,0,0,0,0,0,0,0,0,0,0,0,0,0,0,0,0,0,0,0,0,0,0,0,0,0,0,0,0,0,0,0,0,0,0,0,0,0,0,0,0,0,0,0,0,0,0,0,255,6,233,255,6,233,255,6,233,0,0,0,0,0,0,0,0,0,0,0,0,0,0,0,0,0,0,0,0,0,0,0,0,0,0,0,0,0,0,0,0,0,0,0,0,0,0,0,0,0,0,0,0,0,0,0,0,0,0,0,0,0,0,0,0,0,0,0,0,0,0,0,0,0,0,0,0,0,0,0,0,0,0,0,0,0,0,0,0,0,0,0,0,0,0,0,0,0,0,0,0,0,0,0,0
255,6,233,255,6,233,0,0,0,0,0,0,0,0,0,0,0,0,0,0,0,0,0,0,0,0,0,0,0,0,0,0,0,0,0,0,0,0,0,0,0,0,0,0,0,0,0,0,0,0,0,0,0,0,0,0,0,0,0,0,0,0,0,0,0,0,0,0,0,0,0,0,0,0,0,0,0,0,0,0,0,0,0,0,255,6,233,255,6,233,0,0,0,0,0,0,0,0,0,0,0,0,0,0,0,0,0,0,0,0,0,0,0,0,0,0,0,0,199,255,0,0,0,0,0,0,0,0,0,0,0,0,0,0,0,0,0,0,0,0,0,0,201,255,0,0,0,0,0,0,0,0,0,0,0,0,0,0,0,0,0,0,0,0,0,0,0,0,0,0,0,0,0,0,0,0,0,0,0,0,0,0,0,0,0,0
255,6,233,255,6,233,0,0,0,0,0,0,0,0,0,0,0,0,0,0,0,0,0,0,0,0,0,0,0,0,0,0,0,0,0,0,0,0,0,0,0,0,0,0,0,0,0,0,0,0,0,0,0,0,0,0,0,0,0,0,0,0,0,0,0,0,0,0,0,0,0,0,0,0,0,0,0,0,0,0,0,0,0,0,255,6,233,255,6,233,0,0,0,0,0,0,0,0,0,0,0,0,0,0,0,0,0,0,0,0,0,0,0,0,0,0,0,0,0,0,0,0,0,0,0,0,0,0,0,0,0,0,0,39,75,0,0,0,0,0,0,0,0,0,0,0,0,0,0,0,0,0,0,0,0,0,0,41,79,0,0,0,0,0,0,0,0,0,0,0,0,0,0,0,0,0,0,0,0,0,0,0,0,0,0,0
255,6,233,255,6,233,0,0,0,0,0,0,0,0,0,0,0,0,0,0,0,0,0,0,0,0,0,0,0,0,0,0,0,0,0,0,0,0,0,0,0,0,0,0,0,0,0,0,0,0,0,0,0,0,0,0,0,0,0,0,0,0,0,0,0,0,0,0,0,0,0,0,0,0,0,0,0,0,0,0,0,0,0,0,255,6,233,255,6,233,0,0,0,0,0,0,0,0,0,0,0,0,0,0,0,0,0,0,0,0,0,0,0,0,0,0,0,0,0,0,0,0,0,0,0,0,0,0,0,0,0,0,0,0,0,0,0,0,0,0,0,0,0,0,0,0,0,0,0,0,0,0,0,0,0,0,0,0,0,0,0,0,0,0,0,0,0,0,0,0,0,0,0,0,0,0,0,0,0,0,0,0,0,0,0,0
255,6,233,255,6,233,0,0,0,0,0,0,0,0,0,0,0,0,0,0,0,0,0,0,0,0,0,0,0,0,0,0,0,0,0,0,0,0,0,0,0,0,0,0,0,0,0,0,0,0,0,0,0,0,0,0,0,0,0,0,0,0,0,0,0,0,0,0,0,0,0,0,0,0,0,0,0,0,0,0,0,0,0,0,255,6,233,255,6,233,0,0,0,0,0,0,0,0,0,0,0,0,0,0,0,0,0,0,0,0,0,0,0,0,0,0,0,0,0,0,0,0,0,0,0,0,0,0,0,0,0,0,0,0,0,0,0,0,0,0,0,0,0,0,0,0,0,0,0,0,0,0,0,0,0,0,0,0,0,0,0,0,0,0,0,0,0,0,0,0,0,0,0,0,0,0,0,0,0,0,0,0,0,0,0,0
0,0,0,0,0,0,0,0,0,0,0,0,0,0,0,0,0,0,0,0,0,0,0,0,0,0,0,0,0,0,0,0,0,0,0,0,0,0,0,255,6,233,255,6,233,255,6,233,255,6,233,0,0,0,0,0,0,0,0,0,0,0,0,0,0,0,0,0,0,0,0,0,0,0,0,0,0,0,0,0,0,0,0,0,0,0,0,0,0,0,0,0,0,0,0,0,0,0,0,0,0,0,0,0,0,0,0,0,0,0,0,0,0,0,0,0,0,0,0,0,0,0,0,0,0,0,0,0,0,0,0,0,0,0,0,0,0,0,0,0,0,0,0,0,0,0,0,0,0,0,0,0,0,0,0,0,0,0,0,0,0,0,0,0,0,0,0,0,0,0,0,0,0,0,0,0,0,0,0,0,0,0,0,0,0,0
0,0,0,0,0,0,0,0,0,0,0,0,0,0,0,0,0,0,0,0,0,0,0,0,0,0,0,0,0,0,0,0,0,0,0,0,0,0,0,255,6,233,255,6,233,255,6,233,255,6,233,0,0,0,0,0,0,0,0,0,0,0,0,0,0,0,0,0,0,0,0,0,0,0,0,0,0,0,0,0,0,0,0,0,0,0,0,0,0,0,0,0,0,0,0,0,0,0,0,0,0,0,0,0,0,0,0,0,0,0,0,0,0,0,0,0,0,0,0,0,0,0,0,0,0,0,0,0,0,0,0,0,0,0,0,0,0,0,0,0,0,0,0,0,0,0,0,0,0,0,0,0,0,0,0,0,0,0,0,0,0,0,0,0,0,0,0,0,0,0,0,0,0,0,0,0,0,0,0,0,0,0,0,0,0,0
0,0,0,0,0,0,0,0,0,0,0,0,0,0,0,0,0,0,0,0,0,0,0,0,0,0,0,0,0,0,0,0,0,0,0,0,0,0,0,255,6,233,255,6,240,255,6,240,255,6,233,0,0,0,0,0,0,0,0,0,0,0,0,0,0,0,0,0,0,0,0,0,0,0,0,0,0,0,0,0,0,0,0,0,0,0,0,0,0,0,0,0,0,0,0,0,0,0,0,0,0,0,0,0,0,0,0,0,0,0,0,0,0,0,0,0,0,0,0,0,0,0,0,0,0,0,0,0,0,0,0,0,0,0,0,0,0,0,0,0,0,0,0,0,0,0,0,0,0,0,0,0,0,0,0,0,0,0,0,0,0,0,0,0,0,0,0,0,0,0,0,0,0,0,0,0,0,0,0,0,0,0,0,0,0,0
0,0,0,0,0,0,0,0,0,0,0,0,0,0,0,0,0,0,0,0,0,0,0,0,0,0,0,0,0,0,0,0,0,0,0,0,0,0,0,255,6,233,255,6,233,255,6,233,255,6,233,0,0,0,0,0,0,0,0,0,0,0,0,0,0,0,0,0,0,0,0,0,0,0,0,0,0,0,0,0,0,0,0,0,0,0,0,0,0,0,0,0,0,0,9,22,0,0,0,0,0,0,0,0,0,0,0,0,0,0,0,0,0,0,0,0,0,0,0,0,0,0,0,0,0,0,0,0,0,0,0,0,0,0,0,0,0,0,0,0,0,0,0,0,0,0,0,0,0,0,0,0,0,0,0,0,0,0,0,0,0,0,0,0,0,0,10,22,0,0,0,0,0,0,0,0,0,0,0,0,0,0,0,0,0,0
0,0,0,0,0,0,0,0,0,0,0,0,0,0,0,0,0,0,0,0,0,0,0,0,0,0,0,0,0,0,0,0,0,0,0,0,0,0,0,255,6,233,255,6,233,255,6,233,255,6,233,0,0,0,0,0,0,0,0,0,0,0,0,0,0,0,0,0,0,0,0,0,0,0,0,0,0,0,0,0,0,0,0,0,0,0,0,0,0,0,0,0,0,0,0,0,0,0,0,0,0,0,0,0,0,0,0,0,0,0,0,0,0,0,0,0,0,0,0,0,0,0,0,0,0,0,0,0,0,0,0,0,0,0,0,0,0,0,0,0,0,0,0,0,0,0,0,0,0,0,0,0,0,0,0,0,0,0,0,0,0,0,0,0,0,0,0,0,0,0,0,0,0,0,0,0,0,0,0,0,0,0,0,0,0,0
0,0,0,0,0,0,0,0,0,0,0,0,0,0,0,0,0,0,0,0,0,0,0,0,0,0,0,0,0,0,0,0,0,0,0,0,255,6,233,255,6,233,255,6,233,255,6,233,255,6,233,255,6,233,0,0,0,0,0,0,0,0,0,0,0,0,0,0,0,0,0,0,0,0,0,0,0,0,0,0,0,0,0,0,0,0,0,0,0,0,0,0,0,0,0,0,0,0,0,0,0,0,0,0,0,0,0,0,0,0,0,0,0,0,0,0,0,0,0,0,0,0,0,0,0,0,0,0,0,0,0,0,0,0,0,0,0,0,0,0,0,0,0,0,0,0,0,0,0,0,0,0,0,0,0,0,0,0,0,0,0,0,0,0,0,0,0,0,0,0,0,0,0,0,0,0,0,0,0,0,0,0,0,0,0,0
0,0,0,0,0,0,0,0,0,0,0,0,0,0,0,0,0,0,0,0,0,0,0,0,0,0,0,0,0,0,0,0,0,0,0,0,255,6,242,255,6,233,255,6,233,255,6,233,255,6,233,255,6,242,0,0,0,0,0,0,0,0,0,0,0,0,0,0,0,0,0,0,0,0,0,0,0,0,0,0,0,0,0,0,0,0,0,0,0,0,0,0,0,0,0,0,0,0,0,0,0,0,0,0,0,0,0,0,0,0,0,0,0,0,0,0,0,0,0,0,0,0,0,0,0,0,0,0,0,0,0,0,0,0,0,0,0,0,0,0,0,0,0,0,0,0,0,0,0,0,0,0,0,0,0,0,0,0,0,0,0,0,0,0,0,0,0,0,0,0,0,0,0,0,0,0,0,0,0,0,0,0,0,0,0,0
0,0,0,0,0,0,0,0,0,0,0,0,0,0,0,0,0,0,0,0,0,0,0,0,0,0,0,0,0,0,0,0,0,0,0,0,255,7,242,255,6,233,255,6,233,255,6,233,255,6,233,255,7,242,0,0,0,0,0,0,0,0,0,0,0,0,0,0,0,0,0,0,0,0,0,0,0,0,0,0,0,0,0,0,0,0,0,0,0,0,0,0,0,0,0,0,0,0,0,0,0,0,0,0,0,0,0,0,0,0,0,0,0,0,0,0,0,0,0,0,0,0,0,0,0,0,0,0,0,0,0,0,0,0,0,0,0,0,0,0,0,0,0,0,0,0,0,0,0,0,0,0,0,0,0,0,0,0,0,0,0,0,0,0,0,0,0,0,0,0,0,0,0,0,0,0,0,0,0,0,0,0,0,0,0,0
0,0,0,0,0,0,0,0,0,0,0,0,0,0,0,0,0,0,0,0,0,0,0,0,0,0,0,0,0,0,0,0,0,0,0,0,255,6,233,255,6,233,255,6,242,255,6,242,255,6,233,255,6,233,0,0,0,0,0,0,0,0,0,0,0,0,0,0,0,0,0,0,0,0,0,0,0,0,0,0,0,0,0,0,0,0,0,0,0,0,0,0,0,0,0,0,0,0,0,0,0,0,0,0,0,0,0,0,0,0,0,0,0,0,0,0,0,0,0,0,0,0,0,0,0,0,0,0,0,0,0,0,0,0,0,0,0,0,0,0,0,0,0,0,0,0,0,0,0,0,0,0,0,0,0,0,0,0,0,0,0,0,0,0,0,0,0,0,0,0,0,0,0,0,0,0,0,0,0,0,0,0,0,0,0,0
0,0,0,0,0,0,0,0,0,0,0,0,0,0,0,0,0,0,0,0,0,0,0,0,0,0,0,0,0,0,0,0,0,255,6,233,255,6,233,255,6,240,255,6,233,255,6,233,255,6,240,255,6,233,255,6,233,0,0,0,0,0,0,0,0,0,0,0,0,0,0,0,0,0,0,0,0,0,0,0,0,0,0,0,0,0,0,0,0,0,0,0,0,0,0,0,0,0,0,0,0,0,0,0,0,0,0,0,0,0,0,0,0,0,0,0,0,0,0,0,0,0,0,0,0,0,0,0,0,0,0,0,0,0,0,0,0,0,0,0,0,0,0,0,0,0,0,0,0,0,0,0,0,0,0,0,0,0,0,0,0,0,0,0,0,0,0,0,0,0,0,0,0,0,0,0,0,0,0,0,0,0,0,0,0,0
0,0,0,0,0,0,0,0,0,0,0,0,0,0,0,0,0,0,0,0,0,0,0,0,0,0,0,0,0,0,0,0,0,255,7,233,255,6,240,255,6,233,255,6,233,255,6,233,255,6,233,255,6,240,255,7,233,0,0,0,0,0,0,0,0,0,0,0,0,0,0,0,0,0,0,0,0,0,0,0,0,0,0,0,0,0,0,0,0,0,0,0,0,0,0,0,0,0,0,0,0,0,0,0,0,0,0,0,0,0,0,0,0,0,255,6,233,255,6,233,255,6,233,255,6,233,255,6,233,255,6,240,255,6,233,255,6,233,255,6,233,255,6,233,255,6,233,255,6,233,255,6,233,255,6,240,255,6,233,255,6,233,0,0,0,0,0,0,0,0,0,0,0,0,0,0,0,0,0,0,0,0,0,0,0,0
0,0,0,0,0,0,0,0,0,0,0,0,0,0,0,0,0,0,0,0,0,0,0,0,0,0,0,0,0,0,0,0,0,255,6,233,255,6,233,255,6,233,255,6,233,255,6,233,255,6,233,255,6,233,255,6,233,0,0,0,0,0,0,0,0,0,0,0,0,0,0,0,0,0,0,0,0,0,0,0,0,0,0,0,0,0,0,0,0,0,0,0,0,0,0,0,0,0,0,0,0,0,0,0,0,0,0,0,0,0,0,0,0,0,255,6,233,255,6,233,255,6,233,255,6,233,255,6,233,255,162,255,255,6,233,255,6,233,255,6,233,255,6,233,255,6,233,255,6,233,255,6,233,255,162,255,255,6,233,255,6,233,0,0,0,0,0,0,0,0,0,0,0,0,0,0,0,0,0,0,0,0,0,0,0,0
0,0,0,0,0,0,0,0,0,0,0,0,0,0,0,0,0,0,0,0,0,0,0,0,0,0,0,0,0,0,0,0,0,255,6,233,255,6,233,255,6,233,255,6,233,255,6,233,255,6,233,255,6,233,255,6,233,0,0,0,0,0,0,0,0,0,0,0,0,0,0,0,0,0,0,0,0,0,0,0,0,0,0,0,0,0,0,0,0,0,0,0,0,0,0,0,0,0,0,0,0,0,0,0,0,0,0,0,0,0,0,0,0,0,255,6,233,255,6,233,255,6,233,255,6,233,255,6,233,255,6,233,255,6,233,255,6,233,255,6,233,255,6,233,255,6,233,255,6,233,255,6,233,255,6,233,255,6,233,255,6,233,0,0,0,0,0,0,0,0,0,0,0,0,0,0,0,0,0,0,0,0,0,0,0,0
0,0,0,0,0,0,0,0,0,0,0,0,0,0,0,0,0,0,0,0,0,0,0,0,0,0,0,0,0,0,255,6,233,255,6,233,255,6,233,255,6,233,255,6,233,255,6,233,255,6,233,255,6,233,255,6,233,255,6,233,0,0,0,0,0,0,0,0,0,0,0,0,0,0,0,0,0,0,0,0,0,0,0,0,0,0,0,0,0,0,0,0,0,0,0,0,0,0,0,0,0,0,0,0,0,0,0,0,0,0,0,0,0,0,255,6,233,255,6,233,255,6,233,255,6,233,255,6,233,255,6,233,255,6,233,255,6,233,255,6,233,255,6,233,255,6,233,255,6,233,255,6,233,255,6,233,255,6,233,255,6,233,0,0,0,0,0,0,0,0,0,0,0,0,0,0,0,0,0,0,0,0,0,0,0,0
0,0,0,0,0,0,0,0,0,0,0,0,0,0,0,0,0,0,0,0,0,0,0,0,0,0,0,0,0,0,255,6,233,255,6,233,255,6,233,255,6,233,255,6,233,255,6,233,255,6,233,255,6,233,255,6,233,255,6,233,0,0,0,0,0,0,0,0,0,0,0,0,0,0,0,0,0,0,0,0,0,0,0,0,0,0,0,0,0,0,0,0,0,0,0,0,0,0,0,0,0,0,0,0,0,0,0,0,0,0,0,0,0,0,255,6,233,255,6,233,255,6,233,255,6,233,255,6,233,255,6,233,255,6,233,255,6,233,255,6,233,255,6,233,255,6,233,255,6,233,255,6,233,255,6,233,255,6,233,255,6,233,0,0,0,0,0,0,0,0,0,0,0,0,0,0,0,0,0,0,0,0,0,0,0,0
0,0,0,0,0,0,0,0,0,0,0,0,0,0,0,0,0,0,0,0,0,0,0,0,0,0,0,0,0,0,255,6,233,255,6,233,255,6,233,255,6,233,255,6,233,255,6,233,255,6,233,255,6,233,255,6,233,255,6,233,0,0,0,0,0,0,0,0,0,0,0,0,0,0,0,0,0,0,0,0,0,0,0,0,0,0,0,0,0,0,0,0,0,0,0,0,0,0,0,0,0,0,0,0,0,0,0,0,0,0,0,0,0,0,255,6,233,255,6,233,255,6,233,255,6,233,255,6,233,255,6,233,255,6,233,255,6,233,255,6,233,255,6,233,255,6,233,255,6,233,255,6,233,255,6,233,255,6,233,255,6,233,0,0,0,0,0,0,0,0,0,0,0,0,0,0,0,0,0,0,0,0,0,0,0,0
0,0,0,0,0,0,0,0,0,0,0,0,0,0,0,0,0,0,0,0,0,0,0,0,0,0,0,0,0,0,255,6,233,255,6,233,255,6,233,255,6,233,255,6,233,255,6,233,255,6,233,255,6,233,255,6,233,255,6,233,0,0,0,0,0,0,0,0,0,0,0,0,0,0,0,0,0,0,0,0,0,0,0,0,0,0,0,0,0,0,0,0,0,0,0,0,0,0,0,0,0,0,0,0,0,0,0,0,0,255,255,0,0,0,255,6,233,255,6,233,255,6,233,255,6,233,255,6,233,255,6,233,255,255,255,255,6,233,255,6,233,255,6,233,255,6,233,255,6,233,255,6,233,255,6,233,255,255,255,255,6,233,0,0,0,0,0,0,0,0,0,0,0,0,0,0,0,0,0,0,0,255,255,0,0,0
0,0,0,0,0,0,0,0,0,0,0,0,0,0,0,0,0,0,0,0,0,0,0,0,0,0,0,0,0,0,255,6,233,255,6,233,255,6,233,255,6,233,255,6,233,255,6,233,255,6,233,255,6,233,255,6,233,255,6,233,0,0,0,0,0,0,0,0,0,0,0,0,0,0,0,0,0,0,0,0,0,0,0,0,0,0,0,0,0,0,0,0,0,0,78,92,0,0,0,0,0,0,0,0,0,0,0,0,0,0,0,0,0,0,255,6,233,255,250,255,255,6,233,255,6,233,255,6,233,255,6,233,255,6,233,255,6,233,255,6,233,255,250,255,255,6,233,255,6,233,255,6,233,255,6,233,255,6,233,255,6,233,0,0,0,0,82,96,0,0,0,0,0,0,0,0,0,0,0,0,0,0,0,0,0,0
0,0,0,0,0,0,0,0,0,0,0,0,0,0,0,0,0,0,0,0,0,0,0,0,0,0,0,255,6,233,255,6,233,255,6,233,255,6,233,255,6,233,255,6,233,255,6,233,255,6,233,255,6,233,255,6,233,255,6,233,255,6,233,0,0,0,0,0,0,0,0,0,0,0,0,0,0,0,0,0,0,0,0,0,0,0,0,0,0,0,0,0,0,0,0,0,0,0,0,0,0,0,0,0,0,0,0,0,0,0,0,0,0,0,255,6,233,255,6,233,255,6,233,255,6,233,255,6,233,255,6,233,255,6,233,255,6,233,255,6,233,255,6,233,255,6,233,255,6,233,255,6,233,255,6,233,255,6,233,255,6,233,0,0,0,0,0,0,0,0,0,0,0,0,0,0,0,0,0,0,0,0,0,0,0,0
0,0,0,0,0,0,0,0,0,0,0,0,0,0,0,0,0,0,0,0,0,0,0,0,0,0,0,255,6,233,255,6,233,255,6,233,255,6,233,255,6,233,255,6,233,255,6,233,255,6,233,255,6,233,255,6,233,255,6,233,255,6,233,0,0,0,0,0,0,0,0,0,0,0,0,0,0,0,0,0,0,0,0,0,0,0,0,0,0,0,0,0,0,0,0,0,0,0,0,0,0,0,0,0,0,0,0,0,0,62,92,0,0,0,255,6,233,255,6,233,255,6,233,255,6,233,255,6,233,255,6,233,255,6,233,255,6,233,255,6,233,255,6,233,255,6,233,255,6,233,255,6,233,255,6,233,255,6,233,255,6,233,0,0,0,0,0,0,0,0,0,0,0,0,0,0,0,0,0,0,0,62,92,0,0,0
0,0,0,0,0,0,0,0,0,0,0,0,0,0,0,0,0,0,0,0,0,0,0,0,0,0,0,255,6,233,255,6,233,255,6,233,255,6,233,255,6,233,255,6,233,255,6,233,255,6,233,255,6,233,255,6,233,255,6,233,255,6,233,0,0,0,0,0,0,0,0,0,0,0,0,0,0,0,0,0,0,0,0,0,0,0,0,0,0,0,0,0,0,0,0,0,0,0,0,0,0,0,0,0,0,0,0,0,0,0,0,0,0,0,255,6,233,255,6,233,255,6,233,255,6,240,255,6,233,255,6,233,255,6,233,255,6,233,255,6,233,255,6,233,255,6,233,255,6,240,255,6,233,255,6,233,255,6,233,255,6,233,0,0,0,0,0,0,0,0,0,0,0,0,0,0,0,0,0,0,0,0,0,0,0,0
0,0,0,0,0,0,0,0,0,0,0,0,0,0,0,0,0,0,0,0,0,0,0,0,3,0,2,255,6,233,255,6,233,255,6,233,255,6,233,255,6,233,255,6,233,255,6,233,255,6,233,255,6,233,255,6,233,255,6,233,255,6,233,2,0,2,0,0,0,0,0,0,0,0,0,0,0,0,0,0,0,0,0,0,0,0,0,0,0,0,0,0,0,0,0,0,0,0,0,0,0,0,0,0,0,0,0,0,0,0,0,0,0,0,255,6,233,255,6,233,255,6,233,255,6,233,255,6,233,255,6,233,255,6,233,255,6,233,255,6,233,255,6,233,255,6,233,255,6,233,255,6,233,255,6,233,255,6,233,255,6,233,0,0,0,0,0,0,0,0,0,0,0,0,0,0,0,0,0,0,0,0,0,0,0,0
0,0,0,0,0,0,0,0,0,0,0,0,0,0,0,0,0,0,0,0,0,0,0,0,255,6,233,255,6,233,255,6,233,255,6,233,255,6,233,255,6,233,255,6,233,255,6,233,255,6,233,255,6,233,255,6,233,255,6,233,255,6,233,255,6,233,0,0,0,0,0,0,0,0,0,0,0,0,0,0,0,0,0,0,0,0,0,0,0,0,0,0,0,0,0,0,0,0,0,0,0,0,0,0,0,0,0,0,0,0,0,0,0,0,255,6,233,255,6,233,255,6,233,255,6,233,255,6,233,255,6,233,255,6,233,255,6,233,255,6,233,255,6,233,255,6,233,255,6,233,255,6,233,255,6,233,255,6,233,255,6,233,0,0,0,0,0,0,0,0,0,0,0,0,0,0,0,0,0,0,0,0,0,0,0,0
0,0,0,0,0,0,0,0,0,0,0,0,0,0,0,0,0,0,0,0,0,0,0,0,255,6,233,255,6,233,255,6,233,255,6,233,255,6,233,255,6,233,255,6,233,255,6,233,255,6,233,255,6,233,255,6,233,255,6,233,255,6,233,255,6,233,0,0,0,0,0,0,0,0,0,0,0,0,0,0,0,0,0,0,0,0,0,0,0,0,0,0,0,0,0,0,0,0,0,0,0,0,0,0,0,0,0,0,0,0,0,0,0,0,255,6,233,255,6,233,255,6,233,255,6,233,255,6,233,255,6,233,255,6,233,255,6,233,255,6,233,255,6,233,255,6,233,255,6,233,255,6,233,255,6,233,255,6,233,255,6,233,0,0,0,0,0,0,0,0,0,0,0,0,0,0,0,0,0,0,0,0,0,0,0,0
0,0,0,0,0,0,0,0,0,0,0,0,0,0,0,0,0,0,0,0,0,0,0,0,255,6,233,255,6,233,255,6,233,255,6,233,255,6,233,255,6,233,255,6,233,255,6,233,255,6,233,255,6,233,255,6,233,255,6,233,255,6,233,255,6,233,0,0,0,0,0,0,0,0,0,0,0,0,0,0,0,0,0,0,0,0,0,0,0,0,0,0,0,0,0,0,0,0,0,0,0,0,0,0,0,0,0,0,0,0,0,0,0,0,255,6,233,255,6,233,255,6,233,255,6,233,255,6,233,255,6,233,255,6,233,255,6,233,255,6,233,255,6,233,255,6,233,255,6,233,255,6,233,255,6,233,255,6,233,255,6,233,0,0,0,0,0,0,0,0,0,0,0,0,0,0,0,0,0,0,0,0,0,0,0,0
0,0,0,0,0,0,0,0,0,0,0,0,0,0,0,0,0,0,0,0,0,0,0,0,255,6,233,255,6,233,255,6,233,255,6,233,255,6,233,255,6,233,255,6,233,255,6,233,255,6,233,255,6,233,255,6,233,255,6,233,255,6,233,255,6,233,0,0,0,0,0,0,0,0,0,0,0,0,0,0,0,0,0,0,0,0,0,0,0,0,0,0,0,0,0,0,0,45,73,0,0,0,0,0,0,0,0,0,0,0,0,0,0,0,255,6,233,255,6,233,255,6,233,255,6,233,255,6,233,255,6,233,255,6,233,255,6,233,255,6,233,255,6,233,255,6,233,255,6,233,255,6,233,255,6,233,255,6,233,255,6,233,0,0,0,0,0,0,0,44,73,0,0,0,0,0,0,0,0,0,0,0,0,0,0,0
0,0,0,0,0,0,0,0,0,0,0,0,0,0,0,0,0,0,0,0,0,255,6,233,255,6,233,255,6,233,255,6,233,255,6,233,255,6,233,255,6,233,255,6,233,255,6,233,255,6,233,255,6,233,255,6,233,255,6,233,255,6,233,255,6,233,255,6,233,0,0,0,0,0,0,0,0,0,0,0,0,0,0,0,0,0,0,0,0,0,0,0,0,0,0,0,0,0,0,0,0,0,0,0,0,0,166,197,0,0,0,0,0,0,255,6,233,255,6,233,255,6,233,255,6,233,255,6,233,255,6,233,255,6,233,255,6,233,255,6,233,255,6,233,255,6,233,255,6,233,255,6,233,255,6,233,255,6,233,255,6,233,0,0,0,0,0,0,0,0,0,0,0,0,0,0,0,0,164,197,0,0,0,0,0,0
0,0,0,0,0,0,0,0,0,0,0,0,0,0,0,0,0,0,0,0,0,255,6,233,255,6,233,255,6,233,255,6,233,255,6,233,255,6,233,255,6,233,255,6,233,255,6,233,255,6,233,255,6,233,255,6,233,255,6,233,255,6,233,255,6,233,255,6,233,0,0,0,0,0,0,0,0,0,0,0,0,0,0,0,0,0,0,0,0,0,0,0,0,0,0,0,0,0,0,0,0,0,0,0,0,0,31,46,0,0,0,0,0,0,255,6,233,255,6,233,255,6,233,255,6,233,255,6,233,255,6,233,255,6,233,255,6,233,255,6,233,255,6,233,255,6,233,255,6,233,255,6,233,255,6,233,255,6,233,255,6,233,0,0,0,0,0,0,0,0,0,0,0,0,0,0,0,0,29,42,0,0,0,0,0,0
0,0,0,0,0,0,0,0,0,0,0,0,0,0,0,0,0,0,0,0,0,255,6,233,255,6,233,255,6,233,255,6,233,255,6,233,255,6,233,255,6,233,255,6,233,255,6,233,255,6,233,255,6,233,255,6,233,255,6,233,255,6,233,255,6,233,255,6,233,0,0,0,0,0,0,0,0,0,0,0,0,0,0,0,0,0,0,0,0,0,0,0,0,0,0,0,0,0,0,0,0,0,0,0,0,0,61,99,0,0,0,0,0,0,255,6,233,255,6,233,255,6,233,255,6,233,255,6,233,255,6,233,255,6,233,255,6,233,255,6,233,255,6,233,255,6,233,255,6,233,255,6,233,255,6,233,255,6,233,255,6,233,0,0,0,0,0,0,0,0,0,0,0,0,0,0,0,0,63,102,0,0,0,0,0,0
0,0,0,0,0,0,0,0,0,0,0,0,0,0,0,0,0,0,207,4,197,255,6,233,255,6,233,255,6,233,255,6,235,255,6,233,255,6,233,255,6,233,255,6,233,255,6,233,255,6,233,255,6,233,255,6,233,255,6,235,255,6,233,255,6,233,255,6,233,205,4,197,0,0,0,0,0,0,0,0,0,0,0,0,0,0,0,0,0,0,0,0,0,0,0,0,0,0,0,0,0,0,0,0,0,0,0,0,0,0,0,0,0,0,255,6,233,255,6,233,255,6,233,255,6,233,255,6,233,255,6,233,255,6,233,255,6,233,255,6,233,255,6,233,255,6,233,255,6,233,255,6,233,255,6,233,255,6,233,255,6,233,0,0,0,0,0,0,0,0,0,0,0,0,0,0,0,0,0,0,0,0,0,0,0,0
0,0,0,0,0,0,0,0,0,0,0,0,0,0,0,0,0,0,255,6,233,255,6,233,255,6,233,255,6,233,255,6,233,255,6,233,255,6,233,255,6,233,255,6,233,255,6,233,255,6,233,255,6,233,255,6,233,255,6,233,255,6,233,255,6,233,255,6,233,255,6,233,0,0,0,0,0,0,0,0,0,0,0,0,0,0,0,0,0,0,0,0,0,0,0,0,0,0,0,0,0,0,0,0,0,0,0,0,0,0,0,0,0,0,255,6,233,255,255,255,255,6,233,255,6,233,255,6,233,255,6,233,255,6,233,255,6,233,255,6,233,255,255,255,255,6,233,255,6,233,255,6,233,255,6,233,255,6,233,255,6,233,0,0,0,0,0,0,0,0,0,0,0,0,0,0,0,0,0,0,0,0,0,0,0,0
0,0,0,0,0,0,0,0,0,0,0,0,0,0,0,0,0,0,255,6,233,255,6,233,255,6,233,255,6,233,255,6,233,255,6,233,255,6,233,255,6,233,255,6,233,255,6,233,255,6,233,255,6,233,255,6,233,255,6,233,255,6,233,255,6,233,255,6,233,255,6,233,0,0,0,0,0,0,0,0,0,0,0,0,0,0,0,0,0,0,0,0,0,0,0,0,0,0,0,0,0,0,0,0,0,0,0,0,0,0,0,0,0,0,255,6,233,255,6,233,255,6,233,255,6,233,255,6,233,255,6,233,255,255,255,255,6,233,255,6,233,255,6,233,255,6,233,255,6,233,255,6,233,255,6,233,255,255,255,255,6,233,0,0,0,0,0,0,0,0,0,0,0,0,0,0,0,0,0,0,0,0,0,0,0,0
0,0,0,0,0,0,0,0,0,0,0,0,0,0,0,0,0,0,255,6,233,255,6,233,255,6,233,255,6,233,255,6,233,255,6,233,255,6,233,255,6,233,255,6,233,255,6,233,255,6,233,255,6,233,255,6,233,255,6,233,255,6,233,255,6,233,255,6,233,255,6,233,0,0,0,0,0,0,0,0,0,0,0,0,0,0,0,0,0,0,0,0,0,0,0,0,0,0,0,0,0,0,0,0,0,0,0,0,0,0,0,0,0,0,255,6,233,255,6,233,255,6,233,255,6,233,255,6,233,255,6,233,255,6,233,255,6,233,255,6,233,255,6,233,255,6,233,255,6,233,255,6,233,255,6,233,255,6,233,255,6,233,0,0,0,0,0,0,0,0,0,0,0,0,0,0,0,0,0,0,0,0,0,0,0,0
0,0,0,0,0,0,0,0,0,0,0,0,0,0,0,255,6,233,255,6,233,255,6,233,255,6,233,255,6,233,255,7,242,255,6,233,255,6,233,255,6,233,255,6,233,255,6,233,255,6,233,255,6,233,255,6,233,255,7,242,255,6,233,255,6,233,255,6,233,255,6,233,255,6,233,0,0,0,0,0,0,0,0,0,0,0,0,0,0,0,0,0,0,0,0,0,0,0,0,0,0,0,0,0,0,0,0,0,0,0,0,0,0,0,255,6,233,255,6,233,255,6,233,255,6,233,255,6,233,255,6,233,255,6,233,255,6,233,255,6,233,255,6,233,255,6,233,255,6,233,255,6,233,255,6,233,255,6,233,255,6,233,0,0,0,0,0,0,0,0,0,0,0,0,0,0,0,0,0,0,0,0,0,0,0,0
0,0,0,0,0,0,0,0,0,0,0,0,0,0,0,255,6,233,255,6,233,255,6,233,255,6,233,255,6,233,255,6,233,255,6,233,255,6,233,255,6,233,255,6,233,255,6,233,255,6,233,255,6,233,255,6,233,255,6,233,255,6,233,255,6,233,255,6,233,255,6,233,255,6,233,0,0,0,0,0,0,0,0,0,0,0,0,0,0,0,0,0,0,0,0,0,0,0,0,0,0,0,0,0,0,0,0,0,0,0,0,0,0,0,255,6,233,255,6,233,255,6,233,255,6,233,255,6,233,255,6,233,255,6,233,255,6,233,255,6,233,255,6,233,255,6,233,255,6,233,255,6,233,255,6,233,255,6,233,255,6,233,0,0,0,0,0,0,0,0,0,0,0,0,0,0,0,0,0,0,0,0,0,0,0,0
0,0,0,0,0,0,0,0,0,0,0,0,0,0,0,255,6,233,255,6,233,255,6,233,255,6,233,255,6,233,255,6,233,255,6,233,255,6,233,255,6,233,255,6,233,255,6,233,255,6,233,255,6,233,255,6,233,255,6,233,255,6,233,255,6,233,255,6,233,255,6,233,255,6,233,0,0,0,0,0,0,0,0,0,0,0,0,0,0,0,0,0,0,0,0,0,0,0,0,0,0,0,0,0,0,0,0,0,0,0,0,0,0,0,255,6,233,255,6,233,255,6,233,255,6,233,255,6,233,255,6,233,255,6,233,255,6,233,255,6,233,255,6,233,255,6,233,255,6,233,255,6,233,255,6,233,255,6,233,255,6,233,0,0,0,0,0,0,0,0,0,0,0,0,0,0,0,0,0,0,0,0,0,0,0,0
0,0,0,0,0,0,0,0,0,0,0,0,0,0,0,255,6,233,255,6,233,255,6,233,255,6,233,255,6,233,255,6,233,255,7,233,255,6,233,255,6,233,255,6,233,255,6,233,255,6,233,255,6,233,255,7,233,255,6,233,255,6,233,255,6,233,255,6,233,255,6,233,255,6,233,0,0,0,0,0,0,0,0,0,0,0,0,0,0,0,0,0,0,0,0,0,0,0,0,0,0,0,0,0,0,0,0,0,0,0,0,0,0,0,255,6,233,255,6,233,255,6,233,255,6,233,255,6,233,255,6,233,255,6,233,255,6,233,255,6,233,255,6,233,255,6,233,255,6,233,255,6,233,255,6,233,255,6,233,255,6,233,0,0,0,0,0,0,0,0,0,0,0,0,0,0,0,0,0,0,0,0,0,0,0,0
0,0,0,0,0,0,0,0,0,0,0,0,255,6,233,255,6,233,255,6,233,255,6,233,255,6,233,255,6,233,255,7,233,255,6,233,255,6,233,255,6,233,255,6,233,255,6,233,255,6,233,255,6,233,255,6,233,255,7,233,255,6,233,255,6,233,255,6,233,255,6,233,255,6,233,255,6,233,0,0,0,0,0,0,0,0,0,0,0,0,0,0,0,0,0,0,0,0,0,0,0,0,0,0,0,0,0,0,0,0,0,0,0,0,255,6,233,255,6,233,255,6,233,255,6,233,255,6,233,255,6,233,255,6,233,255,6,233,255,6,233,255,6,233,255,6,233,255,6,233,255,6,233,255,6,233,255,6,233,255,6,233,0,0,0,0,0,0,0,0,0,0,0,0,0,0,0,0,0,0,0,0,0,0,0,0
0,0,0,0,0,0,0,0,0,0,0,0,255,6,233,255,6,233,255,6,233,255,6,233,255,7,242,255,7,233,255,6,233,255,6,233,255,6,233,255,6,233,255,6,233,255,6,233,255,6,233,255,6,233,255,6,233,255,6,233,255,7,233,255,7,242,255,6,233,255,6,233,255,6,233,255,6,233,0,0,0,0,0,0,0,0,0,0,0,0,0,0,0,0,0,0,0,0,0,0,0,0,0,0,0,0,0,0,0,0,0,0,0,0,255,6,233,255,6,233,255,8,252,255,6,233,255,6,233,255,6,233,255,6,233,255,6,233,255,6,233,255,6,233,255,8,252,255,6,233,255,6,233,255,6,233,255,6,233,255,6,233,0,0,0,0,0,0,0,0,0,0,0,0,0,0,0,0,0,0,0,0,0,0,0,0
