140,247,0,145,247,0,153,247,0,162,250,0,172,247,0,168,226,0,160,201,0,156,182,0,151,162,0,144,142,0,127,114,0,111,88,0,96,68,0,83,50,0,71,35,0,72,29,0,79,26,0,89,25,0,98,23,0,109,22,0,119,21,0,132,19,0,142,19,0,156,18,0,168,18,0,184,17,0,197,17,0,214,16,0,228,16,0,247,16,0,164,247,0,164,247,0,164,247,0,164,247,0,164,247,0,164,247,0,164,247,0,164,247,0,114,95,0,114,95,0,114,95,0,114,95,0,114,95,0,114,95,0,114,95,0,114,95,0,102,22,0,102,22,0,100,22,0,100,22,0,100,22,0,100,22,0,100,22,0,100,22,0,194,17,0,194,17,0,194,17,0,194,17,0,194,17,0,194,17,0,194,17,0,194,17,0
96,247,0,102,247,0,106,247,0,115,250,0,122,247,0,120,226,0,115,201,0,114,182,0,112,162,0,109,144,0,106,127,0,103,111,0,96,92,0,83,68,0,71,50,0,72,42,0,79,39,0,89,37,0,98,36,0,109,35,0,119,34,0,132,34,0,142,33,0,156,33,0,168,32,0,184,33,0,197,32,0,214,33,0,228,33,0,247,33,0,115,247,0,115,247,0,115,247,0,115,247,0,115,247,0,115,247,0,115,247,0,115,247,0,105,114,0,105,114,0,105,114,0,105,114,0,105,114,0,105,114,0,105,114,0,105,114,0,102,36,0,102,36,0,100,36,0,100,36,0,100,36,0,100,36,0,100,36,0,100,36,0,194,32,0,194,32,0,194,33,0,194,33,0,194,33,0,194,33,0,194,33,0,194,33,0
34,247,0,36,247,0,39,247,0,43,250,0,47,247,0,48,226,0,48,201,0,50,182,0,50,162,0,51,144,0,51,127,0,52,111,0,52,96,0,52,83,0,52,71,0,64,72,0,79,78,0,89,78,0,98,77,0,109,78,0,119,78,0,132,79,0,142,80,0,156,83,0,168,84,0,184,87,0,197,88,0,214,91,0,228,93,0,247,96,0,44,247,0,44,247,0,44,247,0,44,247,0,44,247,0,44,247,0,44,247,0,44,247,0,52,114,0,52,114,0,52,114,0,52,114,0,52,114,0,52,114,0,52,114,0,52,114,0,102,78,0,102,78,0,100,78,0,100,78,0,100,78,0,100,78,0,100,78,0,100,78,0,194,88,0,194,88,0,194,88,0,194,88,0,194,88,0,194,88,0,194,88,0,194,88,0
15,247,0,17,247,0,19,247,0,21,250,0,24,247,0,25,226,0,27,201,0,28,182,0,29,162,0,31,144,0,31,127,0,33,111,0,34,96,0,36,83,0,37,71,0,46,72,0,59,79,0,75,89,0,91,98,0,109,108,0,119,109,0,132,112,0,142,114,0,156,119,0,168,120,0,184,127,0,197,128,0,214,135,0,228,138,0,247,144,0,22,247,0,22,247,0,22,247,0,22,247,0,22,247,0,22,247,0,22,247,0,22,247,0,33,114,0,33,114,0,33,114,0,33,114,0,32,114,0,32,114,0,32,114,0,32,114,0,96,102,0,96,102,0,96,100,0,96,100,0,96,100,0,96,100,0,96,100,0,96,100,0,194,128,0,194,128,0,194,128,0,194,128,0,194,128,0,194,128,0,194,128,0,194,128,0
5,247,0,6,247,0,7,247,0,9,250,0,10,247,0,11,226,0,13,201,0,14,182,0,15,162,0,17,144,0,18,127,0,20,111,0,21,96,0,23,83,0,25,71,0,31,72,0,42,79,0,54,89,0,66,98,0,83,109,0,96,119,0,115,132,0,132,142,0,153,156,0,168,164,0,184,172,0,197,176,0,214,186,0,228,190,0,247,199,0,9,247,0,9,247,0,9,247,0,9,247,0,9,247,0,9,247,0,9,247,0,9,247,0,19,114,0,19,114,0,19,114,0,19,114,0,19,114,0,19,114,0,19,114,0,19,114,0,71,102,0,71,102,0,71,100,0,71,100,0,71,100,0,71,100,0,71,100,0,71,100,0,194,176,0,194,176,0,194,176,0,194,176,0,194,176,0,194,176,0,194,176,0,194,176,0
0,247,0,1,247,0,1,247,0,2,250,0,2,247,0,3,226,0,4,201,0,5,182,0,6,162,0,7,144,0,9,127,0,10,111,0,11,96,0,13,83,0,15,71,0,20,72,0,27,79,0,37,89,0,46,98,0,57,109,0,68,119,0,83,132,0,95,142,0,111,156,0,127,168,0,145,184,0,162,197,0,182,214,0,201,228,0,226,247,0,2,247,0,2,247,0,2,247,0,2,247,0,2,247,0,2,247,0,2,247,0,2,247,0,10,114,0,10,114,0,10,114,0,10,114,0,9,114,0,9,114,0,9,114,0,9,114,0,50,102,0,50,102,0,49,100,0,49,100,0,49,100,0,49,100,0,49,100,0,49,100,0,158,194,0,158,194,0,158,194,0,158,194,0,158,194,0,158,194,0,158,194,0,158,194,0
0,247,1,0,247,1,0,247,0,0,250,0,0,247,0,0,226,0,0,201,0,0,182,0,0,162,0,0,144,0,0,127,0,1,111,0,1,96,0,2,83,0,3,71,0,6,72,0,9,79,0,13,89,0,17,98,0,23,109,0,29,119,0,37,132,0,42,142,0,52,156,0,60,168,0,69,184,0,78,197,0,89,214,0,99,228,0,112,247,0,0,247,0,0,247,0,0,247,0,0,247,0,0,247,0,0,247,0,0,247,0,0,247,0,0,114,0,0,114,0,0,114,0,0,114,0,0,114,0,0,114,0,0,114,0,0,114,0,19,102,0,19,102,0,19,100,0,19,100,0,19,100,0,19,100,0,19,100,0,19,100,0,77,194,0,77,194,0,77,194,0,77,194,0,77,194,0,77,194,0,77,194,0,77,194,0
0,247,7,0,247,6,0,247,5,0,250,4,0,247,3,0,226,2,0,201,1,0,182,0,0,162,0,0,144,0,0,127,0,0,111,0,0,96,0,0,83,0,1,71,0,2,72,0,3,79,0,6,89,0,9,98,0,12,109,0,16,119,0,21,132,0,25,142,0,31,156,0,36,168,0,42,184,0,49,197,0,56,214,0,63,228,0,72,247,0,0,247,4,0,247,4,0,247,4,0,247,4,0,247,4,0,247,4,0,247,4,0,247,4,0,114,0,0,114,0,0,114,0,0,114,0,0,114,0,0,114,0,0,114,0,0,114,0,10,102,0,10,102,0,10,100,0,10,100,0,10,100,0,10,100,0,10,100,0,10,100,0,47,194,0,47,194,0,47,194,0,47,194,0,47,194,0,47,194,0,47,194,0,47,194,0
0,247,40,0,247,37,0,247,34,0,250,31,0,247,27,0,226,22,0,201,16,0,182,12,0,162,8,0,144,5,0,127,3,0,111,1,0,96,0,0,83,0,0,71,0,0,72,0,0,79,0,0,89,0,0,98,0,1,109,0,2,119,0,3,132,0,5,142,0,7,156,0,8,168,0,11,184,0,13,197,0,15,214,0,18,228,0,21,247,0,0,247,30,0,247,30,0,247,30,0,247,30,0,247,30,0,247,30,0,247,30,0,247,30,0,114,2,0,114,2,0,114,2,0,114,2,0,114,2,0,114,2,0,114,2,0,114,2,1,102,0,1,102,0,1,100,0,1,100,0,1,100,0,1,100,0,1,100,0,1,100,0,12,194,0,12,194,0,12,194,0,12,194,0,12,194,0,12,194,0,12,194,0,12,194,0
0,247,68,0,247,65,0,247,61,0,250,57,0,247,52,0,226,42,0,201,33,0,182,25,0,162,19,0,144,14,0,127,9,0,111,6,0,96,3,0,83,1,0,71,0,0,72,0,0,79,0,0,89,0,0,98,0,0,109,0,0,119,0,0,132,0,1,142,0,1,156,0,2,168,0,3,184,0,4,197,0,5,214,0,7,228,0,8,247,0,0,247,55,0,247,55,0,247,55,0,247,55,0,247,55,0,247,55,0,247,55,0,247,55,0,114,6,0,114,6,0,114,6,0,114,6,0,114,6,0,114,6,0,114,7,0,114,7,0,102,0,0,102,0,0,100,0,0,100,0,0,100,0,0,100,0,0,100,0,0,100,0,4,194,0,4,194,0,4,194,0,4,194,0,4,194,0,4,194,0,4,194,0,4,194,0
0,247,108,0,247,102,0,247,98,0,250,92,0,247,84,0,226,69,0,201,55,0,182,45,0,162,35,0,144,26,0,127,19,0,111,13,0,96,9,0,83,5,0,71,2,0,72,1,0,79,0,0,89,0,0,98,0,0,109,0,0,119,0,0,132,0,0,142,0,0,156,0,0,168,0,0,184,0,0,197,0,1,214,0,1,228,0,2,247,0,0,247,89,0,247,89,0,247,89,0,247,89,0,247,89,0,247,89,0,247,89,0,247,89,0,114,14,0,114,14,0,114,14,0,114,14,0,114,14,0,114,14,0,114,14,0,114,14,0,102,0,0,102,0,0,100,0,0,100,0,0,100,0,0,100,0,0,100,0,0,100,0,0,194,0,0,194,0,0,194,0,0,194,0,0,194,0,0,194,0,0,194,0,0,194,0
0,247,156,0,247,151,0,247,144,0,250,138,0,247,128,0,226,108,0,201,88,0,182,72,0,162,57,0,144,44,0,127,34,0,111,24,0,96,17,0,83,11,0,71,6,0,72,4,0,79,3,0,89,2,0,98,1,0,109,1,0,119,0,0,132,0,0,142,0,0,156,0,0,168,0,0,184,0,0,197,0,0,214,0,0,228,0,0,247,0,0,247,135,0,247,135,0,247,135,0,247,135,0,247,135,0,247,135,0,247,135,0,247,135,0,114,27,0,114,27,0,114,27,0,114,27,0,114,27,0,114,27,0,114,27,0,114,27,0,102,1,0,102,1,0,100,1,0,100,1,0,100,1,0,100,1,0,100,1,0,100,1,0,194,0,0,194,0,0,194,0,0,194,0,0,194,0,0,194,0,0,194,0,0,194,0
0,207,247,0,214,247,0,223,247,0,235,250,0,247,247,0,226,214,0,201,178,0,182,149,0,162,122,0,144,99,0,127,78,0,111,60,0,96,44,0,83,31,0,71,22,0,72,17,0,79,14,0,89,13,0,98,11,0,109,10,0,119,9,0,132,8,0,142,8,0,156,7,0,168,6,0,184,6,0,197,5,0,214,5,0,228,5,0,247,4,0,237,247,0,237,247,0,237,247,0,237,247,0,237,247,0,237,247,0,237,247,0,237,247,0,114,64,0,114,64,0,114,64,0,114,64,0,114,64,0,114,64,0,114,64,0,114,64,0,102,11,0,102,11,0,100,11,0,100,11,0,100,11,0,100,11,0,100,11,0,100,11,0,194,5,0,194,5,0,194,6,0,194,6,0,194,6,0,194,6,0,194,6,0,194,6
0,147,247,0,153,247,0,160,247,0,170,250,0,180,247,0,176,226,0,168,201,0,164,182,0,156,162,0,144,135,0,127,109,0,111,84,0,96,65,0,83,48,0,71,34,0,72,27,0,79,25,0,89,23,0,98,21,0,109,20,0,119,19,0,132,18,0,142,17,0,156,17,0,168,16,0,184,15,0,197,15,0,214,15,0,228,14,0,247,14,0,172,247,0,172,247,0,172,247,0,172,247,0,172,247,0,172,247,0,172,247,0,172,247,0,114,91,0,114,91,0,114,91,0,114,91,0,114,91,0,114,91,0,114,91,0,114,91,0,102,21,0,102,21,0,100,21,0,100,21,0,100,21,0,100,21,0,100,21,0,100,21,0,194,15,0,194,15,0,194,15,0,194,15,0,194,15,0,194,15,0,194,15,0,194,15
0,100,247,0,105,247,0,111,247,0,119,250,0,125,247,0,123,226,0,120,201,0,119,182,0,115,162,0,112,144,0,109,127,0,106,111,0,96,89,0,83,67,0,71,49,0,72,41,0,79,37,0,89,37,0,98,34,0,109,34,0,119,33,0,132,32,0,142,31,0,156,31,0,168,31,0,184,31,0,197,31,0,214,31,0,228,31,0,247,31,0,120,247,0,120,247,0,120,247,0,120,247,0,120,247,0,120,247,0,120,247,0,120,247,0,106,114,0,106,114,0,106,114,0,106,114,0,106,114,0,106,114,0,106,114,0,106,114,0,102,34,0,102,34,0,100,34,0,100,34,0,100,34,0,100,34,0,100,34,0,100,34,0,194,31,0,194,31,0,194,31,0,194,31,0,194,31,0,194,31,0,194,31,0,194,31
0,35,247,0,38,247,0,41,247,0,45,250,0,50,247,0,51,226,0,51,201,0,52,182,0,52,162,0,52,144,0,52,127,0,53,111,0,53,96,0,54,83,0,54,71,0,66,72,0,79,75,0,89,75,0,98,75,0,109,75,0,119,75,0,132,77,0,142,78,0,156,80,0,168,80,0,184,83,0,197,84,0,214,88,0,228,89,0,247,92,0,46,247,0,46,247,0,46,247,0,46,247,0,46,247,0,46,247,0,46,247,0,46,247,0,53,114,0,53,114,0,53,114,0,53,114,0,53,114,0,53,114,0,53,114,0,53,114,0,102,75,0,102,75,0,100,75,0,100,75,0,100,75,0,100,75,0,100,75,0,100,75,0,194,84,0,194,84,0,194,85,0,194,85,0,194,85,0,194,85,0,194,85,0,194,85
0,17,247,0,18,247,0,21,247,0,23,250,0,27,247,0,28,226,0,29,201,0,30,182,0,31,162,0,32,144,0,34,127,0,35,111,0,36,96,0,37,83,0,38,71,0,48,72,0,61,79,0,78,89,0,93,98,0,109,103,0,119,105,0,132,108,0,142,109,0,156,114,0,168,115,0,184,120,0,197,123,0,214,128,0,228,132,0,247,137,0,24,247,0,24,247,0,24,247,0,24,247,0,24,247,0,24,247,0,24,247,0,24,247,0,34,114,0,34,114,0,34,114,0,34,114,0,34,114,0,34,114,0,34,114,0,34,114,0,100,102,0,100,102,0,100,100,0,100,100,0,100,100,0,100,100,0,100,100,0,100,100,0,194,123,0,194,123,0,194,123,0,194,123,0,194,123,0,194,123,0,194,123,0,194,123
0,6,247,0,7,247,0,8,247,0,10,250,0,11,247,0,13,226,0,14,201,0,15,182,0,16,162,0,18,144,0,19,127,0,21,111,0,22,96,0,24,83,0,26,71,0,33,72,0,42,79,0,56,89,0,68,98,0,85,109,0,99,119,0,119,132,0,135,142,0,156,155,0,168,158,0,184,166,0,197,170,0,214,180,0,228,186,0,247,192,0,10,247,0,10,247,0,10,247,0,10,247,0,10,247,0,10,247,0,10,247,0,10,247,0,21,114,0,21,114,0,21,114,0,21,114,0,21,114,0,21,114,0,21,114,0,21,114,0,73,102,0,73,102,0,73,100,0,73,100,0,73,100,0,73,100,0,73,100,0,73,100,0,194,170,0,194,170,0,194,170,0,194,170,0,194,170,0,194,170,0,194,170,0,194,170
0,1,247,0,1,247,0,1,247,0,2,250,0,3,247,0,4,226,0,5,201,0,6,182,0,7,162,0,8,144,0,9,127,0,11,111,0,12,96,0,14,83,0,15,71,0,21,72,0,28,79,0,38,89,0,48,98,0,60,109,0,71,119,0,85,132,0,98,142,0,115,156,0,130,168,0,149,184,0,166,197,0,188,214,0,205,228,0,233,247,0,2,247,0,2,247,0,2,247,0,2,247,0,2,247,0,2,247,0,2,247,0,2,247,0,10,114,0,10,114,0,10,114,0,10,114,0,10,114,0,10,114,0,10,114,0,10,114,0,52,102,0,52,102,0,51,100,0,51,100,0,51,100,0,51,100,0,51,100,0,51,100,0,162,194,0,162,194,0,162,194,0,162,194,0,162,194,0,162,194,0,162,194,0,162,194
1,0,247,0,0,247,0,0,247,0,0,250,0,0,247,0,0,226,0,0,201,0,0,182,0,0,162,0,0,144,0,0,127,0,1,111,0,1,96,0,2,83,0,4,71,0,6,72,0,9,79,0,14,89,0,18,98,0,25,109,0,30,119,0,38,132,0,45,142,0,53,156,0,62,168,0,72,184,0,82,197,0,93,214,0,103,228,0,117,247,0,0,247,0,0,247,0,0,247,0,0,247,0,0,247,0,0,247,0,0,247,0,0,247,0,1,114,0,1,114,0,1,114,0,1,114,0,1,114,0,1,114,0,1,114,0,1,114,0,21,102,0,21,102,0,20,100,0,20,100,0,20,100,0,20,100,0,20,100,0,20,100,0,79,194,0,79,194,0,79,194,0,79,194,0,79,194,0,79,194,0,79,194,0,79,194
6,0,247,6,0,247,5,0,247,4,0,250,3,0,247,1,0,226,1,0,201,0,0,182,0,0,162,0,0,144,0,0,127,0,0,111,0,0,96,0,0,83,0,1,71,0,2,72,0,4,79,0,7,89,0,9,98,0,13,109,0,17,119,0,22,132,0,26,142,0,32,156,0,37,168,0,44,184,0,51,197,0,59,214,0,66,228,0,75,247,3,0,247,3,0,247,3,0,247,3,0,247,3,0,247,3,0,247,3,0,247,3,0,247,0,0,114,0,0,114,0,0,114,0,0,114,0,0,114,0,0,114,0,0,114,0,0,114,0,11,102,0,11,102,0,10,100,0,10,100,0,10,100,0,10,100,0,10,100,0,10,100,0,50,194,0,50,194,0,50,194,0,50,194,0,50,194,0,50,194,0,50,194,0,50,194
18,0,247,16,0,247,14,0,247,13,0,250,10,0,247,8,0,226,5,0,201,3,0,182,2,0,162,1,0,144,0,0,127,0,0,111,0,0,96,0,0,83,0,0,71,0,0,72,0,1,79,0,2,89,0,4,98,0,6,109,0,8,119,0,11,132,0,14,142,0,17,156,0,21,168,0,25,184,0,29,197,0,35,214,0,39,228,0,46,247,12,0,247,12,0,247,12,0,247,12,0,247,12,0,247,12,0,247,12,0,247,12,0,247,0,0,114,0,0,114,0,0,114,0,0,114,0,0,114,0,0,114,0,0,114,0,0,114,0,5,102,0,5,102,0,4,100,0,4,100,0,4,100,0,4,100,0,4,100,0,4,100,0,29,194,0,29,194,0,29,194,0,29,194,0,29,194,0,29,194,0,29,194,0,29,194
65,0,247,62,0,247,57,0,247,53,0,250,49,0,247,39,0,226,31,0,201,23,0,182,17,0,162,12,0,144,8,0,127,5,0,111,3,0,96,1,0,83,0,0,71,0,0,72,0,0,79,0,0,89,0,0,98,0,0,109,0,0,119,0,1,132,0,1,142,0,2,156,0,3,168,0,4,184,0,5,197,0,6,214,0,8,228,0,9,247,52,0,247,52,0,247,52,0,247,52,0,247,52,0,247,52,0,247,52,0,247,52,0,247,6,0,114,6,0,114,6,0,114,6,0,114,6,0,114,6,0,114,6,0,114,6,0,114,0,0,102,0,0,102,0,0,100,0,0,100,0,0,100,0,0,100,0,0,100,0,0,100,0,5,194,0,5,194,0,5,194,0,5,194,0,5,194,0,5,194,0,5,194,0,5,194
103,0,247,98,0,247,93,0,247,88,0,250,80,0,247,66,0,226,53,0,201,42,0,182,33,0,162,25,0,144,18,0,127,12,0,111,8,0,96,4,0,83,2,0,71,1,0,72,0,0,79,0,0,89,0,0,98,0,0,109,0,0,119,0,0,132,0,0,142,0,0,156,0,0,168,0,0,184,0,0,197,0,1,214,0,1,228,0,2,247,85,0,247,85,0,247,85,0,247,85,0,247,85,0,247,85,0,247,85,0,247,85,0,247,13,0,114,13,0,114,13,0,114,13,0,114,13,0,114,13,0,114,14,0,114,14,0,114,0,0,102,0,0,102,0,0,100,0,0,100,0,0,100,0,0,100,0,0,100,0,0,100,0,0,194,0,0,194,0,0,194,0,0,194,0,0,194,0,0,194,0,0,194,0,0,194
155,0,247,149,0,247,142,0,247,135,0,250,125,0,247,106,0,226,87,0,201,71,0,182,56,0,162,43,0,144,33,0,127,23,0,111,16,0,96,10,0,83,6,0,71,4,0,72,3,0,79,2,0,89,1,0,98,1,0,109,0,0,119,0,0,132,0,0,142,0,0,156,0,0,168,0,0,184,0,0,197,0,0,214,0,0,228,0,0,247,132,0,247,132,0,247,132,0,247,132,0,247,132,0,247,132,0,247,132,0,247,132,0,247,25,0,114,25,0,114,25,0,114,25,0,114,25,0,114,25,0,114,26,0,114,26,0,114,1,0,102,1,0,102,1,0,100,1,0,100,1,0,100,1,0,100,1,0,100,1,0,100,0,0,194,0,0,194,0,0,194,0,0,194,0,0,194,0,0,194,0,0,194,0,0,194
247,0,212,247,0,219,247,0,228,250,0,240,245,0,247,210,0,226,174,0,201,145,0,182,120,0,162,96,0,144,77,0,127,59,0,111,43,0,96,31,0,83,21,0,71,16,0,72,14,0,79,12,0,89,11,0,98,10,0,109,9,0,119,8,0,132,7,0,142,6,0,156,6,0,168,5,0,184,5,0,197,5,0,214,4,0,228,4,0,247,247,0,242,247,0,242,247,0,242,247,0,242,247,0,242,247,0,242,247,0,242,247,0,242,63,0,114,63,0,114,63,0,114,63,0,114,63,0,114,63,0,114,63,0,114,63,0,114,10,0,102,10,0,102,10,0,100,10,0,100,11,0,100,11,0,100,11,0,100,11,0,100,5,0,194,5,0,194,5,0,194,5,0,194,5,0,194,5,0,194,5,0,194,5,0,194
247,0,153,247,0,158,247,0,166,250,0,176,247,0,184,226,0,180,201,0,172,182,0,168,162,0,160,133,0,144,106,0,127,83,0,111,63,0,96,46,0,83,33,0,71,27,0,72,23,0,79,22,0,89,21,0,98,19,0,109,18,0,119,17,0,132,16,0,142,16,0,156,15,0,168,14,0,184,14,0,197,14,0,214,14,0,228,13,0,247,247,0,176,247,0,176,247,0,176,247,0,176,247,0,176,247,0,176,247,0,176,247,0,176,88,0,114,88,0,114,88,0,114,88,0,114,88,0,114,88,0,114,88,0,114,88,0,114,20,0,102,20,0,102,20,0,100,20,0,100,20,0,100,20,0,100,20,0,100,20,0,100,14,0,194,14,0,194,14,0,194,14,0,194,14,0,194,14,0,194,14,0,194,14,0,194
247,0,103,247,0,108,247,0,114,250,0,122,247,0,130,226,0,127,201,0,123,182,0,122,162,0,117,144,0,115,127,0,111,111,0,109,88,0,96,65,0,83,48,0,71,40,0,72,37,0,79,35,0,89,34,0,98,33,0,109,31,0,119,31,0,132,30,0,142,30,0,156,29,0,168,30,0,184,29,0,197,29,0,214,29,0,228,30,0,247,247,0,123,247,0,123,247,0,123,247,0,123,247,0,123,247,0,123,247,0,123,247,0,123,114,0,109,114,0,109,114,0,109,114,0,109,114,0,109,114,0,109,114,0,109,114,0,109,34,0,102,34,0,102,34,0,100,34,0,100,34,0,100,34,0,100,34,0,100,34,0,100,29,0,194,29,0,194,30,0,194,30,0,194,30,0,194,30,0,194,30,0,194,30,0,194
247,0,66,247,0,69,247,0,74,250,0,80,247,0,87,226,0,85,201,0,84,182,0,84,162,0,83,144,0,82,127,0,80,111,0,80,96,0,78,83,0,78,65,0,71,55,0,72,52,0,79,52,0,89,51,0,98,51,0,109,50,0,119,50,0,132,50,0,142,51,0,156,50,0,168,52,0,184,52,0,197,52,0,214,53,0,228,54,0,247,247,0,82,247,0,82,247,0,82,247,0,82,247,0,82,247,0,82,247,0,82,247,0,82,114,0,80,114,0,80,114,0,80,114,0,80,114,0,80,114,0,80,114,0,80,114,0,80,51,0,102,51,0,102,51,0,100,51,0,100,51,0,100,51,0,100,51,0,100,51,0,100,52,0,194,52,0,194,52,0,194,52,0,194,52,0,194,52,0,194,52,0,194,52,0,194
247,0,18,247,0,21,247,0,22,250,0,25,247,0,29,226,0,30,201,0,31,182,0,32,162,0,33,144,0,34,127,0,35,111,0,37,96,0,37,83,0,39,71,0,40,72,0,50,79,0,63,89,0,80,98,0,98,100,0,109,102,0,119,103,0,132,106,0,142,109,0,156,112,0,168,117,0,184,119,0,197,123,0,214,127,0,228,132,0,247,247,0,26,247,0,26,247,0,26,247,0,26,247,0,26,247,0,26,247,0,26,247,0,26,114,0,37,114,0,37,114,0,37,114,0,37,114,0,36,114,0,36,114,0,36,114,0,36,99,0,102,99,0,102,99,0,100,99,0,100,99,0,100,99,0,100,99,0,100,99,0,100,119,0,194,119,0,194,119,0,194,119,0,194,119,0,194,119,0,194,119,0,194,119,0,194
247,0,6,247,0,7,247,0,9,250,0,10,247,0,12,226,0,14,201,0,14,182,0,16,162,0,17,144,0,19,127,0,20,111,0,22,96,0,23,83,0,25,71,0,27,72,0,34,79,0,44,89,0,57,98,0,71,109,0,87,119,0,102,132,0,122,142,0,138,153,0,156,156,0,168,164,0,184,168,0,197,176,0,214,182,0,228,190,0,247,247,0,11,247,0,11,247,0,11,247,0,11,247,0,11,247,0,11,247,0,11,247,0,11,114,0,21,114,0,21,114,0,21,114,0,21,114,0,21,114,0,21,114,0,21,114,0,21,102,0,75,102,0,75,100,0,75,100,0,75,100,0,75,100,0,75,100,0,75,100,0,75,166,0,194,166,0,194,166,0,194,166,0,194,168,0,194,168,0,194,168,0,194,168,0,194
247,0,1,247,0,1,247,0,2,250,0,2,247,0,3,226,0,4,201,0,5,182,0,6,162,0,8,144,0,9,127,0,10,111,0,11,96,0,13,83,0,15,71,0,17,72,0,22,79,0,30,89,0,40,98,0,50,109,0,63,119,0,74,132,0,89,142,0,102,156,0,119,168,0,135,184,0,155,197,0,172,214,0,194,228,0,214,247,0,240,247,0,3,247,0,3,247,0,3,247,0,3,247,0,3,247,0,3,247,0,3,247,0,3,114,0,11,114,0,11,114,0,11,114,0,11,114,0,11,114,0,11,114,0,11,114,0,11,102,0,53,102,0,53,100,0,52,100,0,52,100,0,52,100,0,52,100,0,52,100,0,52,194,0,168,194,0,168,194,0,168,194,0,168,194,0,168,194,0,168,194,0,168,194,0,168
247,1,0,247,0,0,247,0,0,250,0,0,247,0,0,226,0,0,201,0,0,182,0,0,162,0,0,144,0,0,127,0,0,111,0,1,96,0,2,83,0,3,71,0,4,72,0,6,79,0,10,89,0,15,98,0,19,109,0,26,119,0,31,132,0,40,142,0,46,156,0,55,168,0,64,184,0,74,197,0,84,214,0,96,228,0,106,247,0,122,247,0,0,247,0,0,247,0,0,247,0,0,247,0,0,247,0,0,247,0,0,247,0,0,114,0,1,114,0,1,114,0,1,114,0,1,114,0,1,114,0,1,114,0,1,114,0,1,102,0,21,102,0,21,100,0,21,100,0,21,100,0,21,100,0,21,100,0,21,100,0,21,194,0,82,194,0,82,194,0,82,194,0,82,194,0,82,194,0,82,194,0,82,194,0,82
247,6,0,247,5,0,247,4,0,250,3,0,247,2,0,226,1,0,201,0,0,182,0,0,162,0,0,144,0,0,127,0,0,111,0,0,96,0,0,83,0,0,71,0,1,72,0,2,79,0,4,89,0,7,98,0,10,109,0,14,119,0,18,132,0,23,142,0,28,156,0,34,168,0,40,184,0,47,197,0,53,214,0,62,228,0,69,247,0,79,247,3,0,247,3,0,247,3,0,247,3,0,247,3,0,247,3,0,247,3,0,247,3,0,114,0,0,114,0,0,114,0,0,114,0,0,114,0,0,114,0,0,114,0,0,114,0,0,102,0,11,102,0,11,100,0,11,100,0,11,100,0,11,100,0,11,100,0,11,100,0,11,194,0,52,194,0,52,194,0,52,194,0,52,194,0,52,194,0,52,194,0,52,194,0,52
247,17,0,247,15,0,247,14,0,250,12,0,247,10,0,226,7,0,201,5,0,182,3,0,162,2,0,144,1,0,127,0,0,111,0,0,96,0,0,83,0,0,71,0,0,72,0,0,79,0,1,89,0,2,98,0,4,109,0,6,119,0,9,132,0,12,142,0,14,156,0,18,168,0,22,184,0,27,197,0,31,214,0,36,228,0,41,247,0,47,247,11,0,247,11,0,247,11,0,247,11,0,247,11,0,247,11,0,247,11,0,247,11,0,114,0,0,114,0,0,114,0,0,114,0,0,114,0,0,114,0,0,114,0,0,114,0,0,102,0,5,102,0,5,100,0,5,100,0,5,100,0,5,100,0,5,100,0,5,100,0,5,194,0,30,194,0,30,194,0,30,194,0,30,194,0,30,194,0,30,194,0,30,194,0,30
247,35,0,247,33,0,247,31,0,250,28,0,247,24,0,226,19,0,201,14,0,182,10,0,162,7,0,144,4,0,127,2,0,111,1,0,96,0,0,83,0,0,71,0,0,72,0,0,79,0,0,89,0,0,98,0,1,109,0,2,119,0,3,132,0,5,142,0,6,156,0,8,168,0,10,184,0,13,197,0,15,214,0,18,228,0,21,247,0,25,247,27,0,247,27,0,247,27,0,247,27,0,247,27,0,247,27,0,247,27,0,247,27,0,114,1,0,114,1,0,114,1,0,114,1,0,114,1,0,114,1,0,114,1,0,114,1,0,102,0,1,102,0,1,100,0,1,100,0,1,100,0,1,100,0,1,100,0,1,100,0,1,194,0,14,194,0,14,194,0,14,194,0,14,194,0,14,194,0,14,194,0,14,194,0,14
247,99,0,247,95,0,247,89,0,250,85,0,247,78,0,226,64,0,201,52,0,182,41,0,162,31,0,144,23,0,127,17,0,111,11,0,96,7,0,83,4,0,71,2,0,72,1,0,79,0,0,89,0,0,98,0,0,109,0,0,119,0,0,132,0,0,142,0,0,156,0,0,168,0,0,184,0,0,197,0,1,214,0,1,228,0,2,247,0,2,247,82,0,247,82,0,247,82,0,247,82,0,247,82,0,247,82,0,247,82,0,247,82,0,114,13,0,114,13,0,114,13,0,114,13,0,114,13,0,114,13,0,114,13,0,114,13,0,102,0,0,102,0,0,100,0,0,100,0,0,100,0,0,100,0,0,100,0,0,100,0,0,194,0,1,194,0,1,194,0,1,194,0,1,194,0,1,194,0,1,194,0,1,194,0,1
247,147,0,247,142,0,247,135,0,250,128,0,247,119,0,226,100,0,201,82,0,182,66,0,162,52,0,144,41,0,127,31,0,111,22,0,96,15,0,83,10,0,71,6,0,72,3,0,79,2,0,89,1,0,98,1,0,109,0,0,119,0,0,132,0,0,142,0,0,156,0,0,168,0,0,184,0,0,197,0,0,214,0,0,228,0,0,247,0,0,247,125,0,247,125,0,247,125,0,247,125,0,247,125,0,247,125,0,247,125,0,247,125,0,114,24,0,114,24,0,114,24,0,114,24,0,114,24,0,114,24,0,114,24,0,114,24,0,102,1,0,102,1,0,100,1,0,100,1,0,100,1,0,100,1,0,100,1,0,100,1,0,194,0,0,194,0,0,194,0,0,194,0,0,194,0,0,194,0,0,194,0,0,194,0,0
247,205,0,247,199,0,247,190,0,250,184,0,247,172,0,226,145,0,201,120,0,182,99,0,162,80,0,144,64,0,127,49,0,111,37,0,96,27,0,83,18,0,71,11,0,72,8,0,79,6,0,89,5,0,98,4,0,109,3,0,119,2,0,132,2,0,142,1,0,156,1,0,168,1,0,184,0,0,197,0,0,214,0,0,228,0,0,247,0,0,247,180,0,247,180,0,247,180,0,247,180,0,247,180,0,247,180,0,247,180,0,247,180,0,114,39,0,114,39,0,114,39,0,114,39,0,114,39,0,114,39,0,114,40,0,114,40,0,102,4,0,102,4,0,100,4,0,100,4,0,100,4,0,100,4,0,100,4,0,100,4,0,194,0,0,194,0,0,194,0,0,194,0,0,194,0,0,194,0,0,194,0,0,194,0,0
221,247,0,228,247,0,237,247,0,250,250,0,247,235,0,226,201,0,201,168,0,182,140,0,162,115,0,144,92,0,127,73,0,111,55,0,96,42,0,83,29,0,71,20,0,72,15,0,79,13,0,89,11,0,98,10,0,109,9,0,119,8,0,132,7,0,142,6,0,156,6,0,168,5,0,184,5,0,197,4,0,214,4,0,228,3,0,247,3,0,247,245,0,247,245,0,247,245,0,247,245,0,247,245,0,247,245,0,247,245,0,247,245,0,114,60,0,114,60,0,114,60,0,114,60,0,114,60,0,114,60,0,114,60,0,114,60,0,102,10,0,102,10,0,100,10,0,100,10,0,100,10,0,100,10,0,100,10,0,100,10,0,194,4,0,194,4,0,194,4,0,194,4,0,194,4,0,194,4,0,194,4,0,194,4,0
108,247,0,112,247,0,119,247,0,127,250,0,135,247,0,132,226,0,127,201,0,125,182,0,122,162,0,119,144,0,115,127,0,111,109,0,96,84,0,83,63,0,71,46,0,72,38,0,79,35,0,89,34,0,98,32,0,109,31,0,119,30,0,132,29,0,142,29,0,156,29,0,168,28,0,184,28,0,197,27,0,214,28,0,228,28,0,247,28,0,128,247,0,128,247,0,128,247,0,128,247,0,128,247,0,128,247,0,128,247,0,128,247,0,112,114,0,112,114,0,112,114,0,112,114,0,112,114,0,112,114,0,112,114,0,112,114,0,102,32,0,102,32,0,100,32,0,100,32,0,100,32,0,100,32,0,100,32,0,100,32,0,194,27,0,194,27,0,194,28,0,194,28,0,194,28,0,194,28,0,194,28,0,194,28,0
69,247,0,73,247,0,78,247,0,84,250,0,89,247,0,89,226,0,87,201,0,87,182,0,85,162,0,84,144,0,83,127,0,83,111,0,80,96,0,80,83,0,71,64,0,72,54,0,79,52,0,89,51,0,98,49,0,109,49,0,119,48,0,132,48,0,142,48,0,156,48,0,168,48,0,184,49,0,197,49,0,214,50,0,228,51,0,247,52,0,84,247,0,84,247,0,84,247,0,84,247,0,84,247,0,84,247,0,84,247,0,84,247,0,83,114,0,83,114,0,83,114,0,83,114,0,83,114,0,83,114,0,83,114,0,83,114,0,102,49,0,102,49,0,100,49,0,100,49,0,100,49,0,100,49,0,100,49,0,100,49,0,194,49,0,194,49,0,194,50,0,194,50,0,194,50,0,194,50,0,194,50,0,194,50,0
40,247,0,42,247,0,46,247,0,51,250,0,55,247,0,55,226,0,55,201,0,56,182,0,56,162,0,57,144,0,57,127,0,57,111,0,57,96,0,59,83,0,59,71,0,69,72,0,79,71,0,89,71,0,98,71,0,109,71,0,119,71,0,132,72,0,142,72,0,156,74,0,168,74,0,184,77,0,197,78,0,214,80,0,228,83,0,247,85,0,52,247,0,52,247,0,52,247,0,52,247,0,52,247,0,52,247,0,52,247,0,52,247,0,57,114,0,57,114,0,57,114,0,57,114,0,57,114,0,57,114,0,57,114,0,57,114,0,102,71,0,102,71,0,100,71,0,100,71,0,100,71,0,100,71,0,100,71,0,100,71,0,194,78,0,194,78,0,194,78,0,194,78,0,194,78,0,194,78,0,194,78,0,194,78,0
20,247,0,22,247,0,24,247,0,27,250,0,31,247,0,31,226,0,32,201,0,34,182,0,35,162,0,36,144,0,37,127,0,38,111,0,39,96,0,41,83,0,42,71,0,51,72,0,65,79,0,83,89,0,98,96,0,109,98,0,119,99,0,132,100,0,142,103,0,156,106,0,168,108,0,184,112,0,197,115,0,214,120,0,228,123,0,247,128,0,28,247,0,28,247,0,28,247,0,28,247,0,28,247,0,28,247,0,28,247,0,28,247,0,38,114,0,38,114,0,38,114,0,38,114,0,37,114,0,37,114,0,37,114,0,37,114,0,102,96,0,102,96,0,100,96,0,100,96,0,100,96,0,100,96,0,100,96,0,100,96,0,194,114,0,194,114,0,194,114,0,194,114,0,194,115,0,194,115,0,194,115,0,194,115,0
1,247,0,2,247,0,2,247,0,3,250,0,4,247,0,5,226,0,6,201,0,7,182,0,8,162,0,10,144,0,11,127,0,12,111,0,14,96,0,16,83,0,17,71,0,23,72,0,31,79,0,42,89,0,52,98,0,65,109,0,77,119,0,92,132,0,105,142,0,123,156,0,138,168,0,160,184,0,178,197,0,201,214,0,219,228,0,247,247,0,3,247,0,3,247,0,3,247,0,3,247,0,3,247,0,3,247,0,3,247,0,3,247,0,12,114,0,12,114,0,12,114,0,12,114,0,12,114,0,12,114,0,12,114,0,12,114,0,55,102,0,55,102,0,54,100,0,54,100,0,54,100,0,54,100,0,54,100,0,54,100,0,174,194,0,174,194,0,174,194,0,174,194,0,174,194,0,174,194,0,174,194,0,174,194,0
0,247,0,0,247,0,0,247,0,0,250,0,0,247,0,0,226,0,1,201,0,1,182,0,2,162,0,3,144,0,4,127,0,5,111,0,6,96,0,8,83,0,10,71,0,14,72,0,19,79,0,27,89,0,34,98,0,43,109,0,52,119,0,64,132,0,73,142,0,87,156,0,99,168,0,114,184,0,127,197,0,145,214,0,158,228,0,180,247,0,0,247,0,0,247,0,0,247,0,0,247,0,0,247,0,0,247,0,0,247,0,0,247,0,5,114,0,5,114,0,5,114,0,5,114,0,5,114,0,5,114,0,5,114,0,5,114,0,37,102,0,37,102,0,36,100,0,36,100,0,36,100,0,36,100,0,36,100,0,36,100,0,125,194,0,125,194,0,125,194,0,125,194,0,125,194,0,125,194,0,125,194,0,125,194,0
0,247,0,0,247,0,0,247,0,0,250,0,0,247,0,0,226,0,0,201,0,0,182,0,0,162,0,0,144,0,1,127,0,1,111,0,2,96,0,3,83,0,5,71,0,7,72,0,11,79,0,16,89,0,21,98,0,27,109,0,34,119,0,42,132,0,49,142,0,59,156,0,67,168,0,78,184,0,88,197,0,100,214,0,111,228,0,127,247,0,0,247,0,0,247,0,0,247,0,0,247,0,0,247,0,0,247,0,0,247,0,0,247,0,1,114,0,1,114,0,1,114,0,1,114,0,1,114,0,1,114,0,1,114,0,1,114,0,23,102,0,23,102,0,22,100,0,22,100,0,22,100,0,22,100,0,22,100,0,22,100,0,85,194,0,85,194,0,85,194,0,85,194,0,85,194,0,85,194,0,85,194,0,85,194,0
0,247,5,0,247,4,0,247,3,0,250,2,0,247,2,0,226,1,0,201,0,0,182,0,0,162,0,0,144,0,0,127,0,0,111,0,0,96,0,0,83,0,1,71,0,3,72,0,5,79,0,8,89,0,11,98,0,15,109,0,19,119,0,25,132,0,29,142,0,36,156,0,42,168,0,50,184,0,56,197,0,65,214,0,72,228,0,83,247,0,0,247,2,0,247,2,0,247,2,0,247,2,0,247,2,0,247,2,0,247,2,0,247,2,0,114,0,0,114,0,0,114,0,0,114,0,0,114,0,0,114,0,0,114,0,0,114,0,12,102,0,12,102,0,12,100,0,12,100,0,12,100,0,12,100,0,12,100,0,12,100,0,54,194,0,54,194,0,54,194,0,54,194,0,54,194,0,54,194,0,54,194,0,54,194,0
0,247,15,0,247,14,0,247,12,0,250,11,0,247,9,0,226,6,0,201,4,0,182,2,0,162,1,0,144,0,0,127,0,0,111,0,0,96,0,0,83,0,0,71,0,0,72,0,1,79,0,3,89,0,5,98,0,7,109,0,9,119,0,13,132,0,15,142,0,19,156,0,23,168,0,28,184,0,33,197,0,38,214,0,43,228,0,50,247,0,0,247,10,0,247,10,0,247,10,0,247,10,0,247,10,0,247,10,0,247,10,0,247,10,0,114,0,0,114,0,0,114,0,0,114,0,0,114,0,0,114,0,0,114,0,0,114,0,5,102,0,5,102,0,5,100,0,5,100,0,5,100,0,5,100,0,5,100,0,5,100,0,31,194,0,31,194,0,31,194,0,31,194,0,31,194,0,31,194,0,31,194,0,31,194,0
0,247,60,0,247,56,0,247,52,0,250,49,0,247,43,0,226,35,0,201,27,0,182,21,0,162,15,0,144,11,0,127,7,0,111,4,0,96,2,0,83,1,0,71,0,0,72,0,0,79,0,0,89,0,0,98,0,0,109,0,0,119,0,1,132,0,2,142,0,2,156,0,3,168,0,5,184,0,6,197,0,8,214,0,9,228,0,11,247,0,0,247,47,0,247,47,0,247,47,0,247,47,0,247,47,0,247,47,0,247,47,0,247,47,0,114,5,0,114,5,0,114,5,0,114,5,0,114,5,0,114,5,0,114,5,0,114,5,0,102,0,0,102,0,0,100,0,0,100,0,0,100,0,0,100,0,0,100,0,0,100,0,6,194,0,6,194,0,6,194,0,6,194,0,6,194,0,6,194,0,6,194,0,6,194,0
0,247,96,0,247,92,0,247,87,0,250,82,0,247,75,0,226,62,0,201,50,0,182,39,0,162,30,0,144,22,0,127,16,0,111,11,0,96,7,0,83,4,0,71,2,0,72,1,0,79,0,0,89,0,0,98,0,0,109,0,0,119,0,0,132,0,0,142,0,0,156,0,0,168,0,0,184,0,1,197,0,1,214,0,2,228,0,3,247,0,0,247,79,0,247,79,0,247,79,0,247,79,0,247,79,0,247,79,0,247,79,0,247,79,0,114,12,0,114,12,0,114,12,0,114,12,0,114,12,0,114,12,0,114,12,0,114,12,0,102,0,0,102,0,0,100,0,0,100,0,0,100,0,0,100,0,0,100,0,0,100,0,1,194,0,1,194,0,1,194,0,1,194,0,1,194,0,1,194,0,1,194,0,1,194,0
0,247,142,0,247,137,0,247,130,0,250,125,0,247,115,0,226,96,0,201,79,0,182,64,0,162,51,0,144,39,0,127,29,0,111,21,0,96,14,0,83,9,0,71,5,0,72,3,0,79,2,0,89,1,0,98,1,0,109,0,0,119,0,0,132,0,0,142,0,0,156,0,0,168,0,0,184,0,0,197,0,0,214,0,0,228,0,0,247,0,0,247,120,0,247,120,0,247,120,0,247,120,0,247,120,0,247,120,0,247,120,0,247,120,0,114,23,0,114,23,0,114,23,0,114,23,0,114,23,0,114,23,0,114,23,0,114,23,0,102,0,0,102,0,0,100,0,0,100,0,0,100,0,0,100,0,0,100,0,0,100,0,0,194,0,0,194,0,0,194,0,0,194,0,0,194,0,0,194,0,0,194,0,0,194,0
0,247,199,0,247,192,0,247,186,0,250,178,0,247,166,0,226,140,0,201,115,0,182,96,0,162,78,0,144,61,0,127,47,0,111,35,0,96,25,0,83,17,0,71,11,0,72,8,0,79,6,0,89,5,0,98,4,0,109,3,0,119,2,0,132,2,0,142,1,0,156,1,0,168,1,0,184,0,0,197,0,0,214,0,0,228,0,0,247,0,0,247,174,0,247,174,0,247,174,0,247,174,0,247,174,0,247,174,0,247,174,0,247,174,0,114,37,0,114,37,0,114,37,0,114,37,0,114,37,0,114,37,0,114,38,0,114,38,0,102,3,0,102,3,0,100,3,0,100,3,0,100,3,0,100,3,0,100,3,0,100,3,0,194,0,0,194,0,0,194,0,0,194,0,0,194,0,0,194,0,0,194,0,0,194,0
0,164,247,0,170,247,0,176,247,0,188,250,0,197,247,0,192,226,0,182,201,0,178,182,0,162,155,0,144,125,0,127,99,0,111,77,0,96,59,0,83,42,0,71,30,0,72,24,0,79,21,0,89,19,0,98,18,0,109,17,0,119,16,0,132,15,0,142,14,0,156,14,0,168,13,0,184,12,0,197,12,0,214,11,0,228,11,0,247,11,0,188,247,0,188,247,0,188,247,0,188,247,0,188,247,0,188,247,0,188,247,0,188,247,0,114,83,0,114,83,0,114,83,0,114,83,0,114,83,0,114,83,0,114,83,0,114,83,0,102,18,0,102,18,0,100,18,0,100,18,0,100,18,0,100,18,0,100,18,0,100,18,0,194,12,0,194,12,0,194,12,0,194,12,0,194,12,0,194,12,0,194,12,0,194,12
0,112,247,0,119,247,0,123,247,0,133,250,0,140,247,0,138,226,0,133,201,0,130,182,0,127,162,0,123,144,0,119,127,0,111,106,0,96,82,0,83,61,0,71,44,0,72,37,0,79,34,0,89,32,0,98,31,0,109,29,0,119,28,0,132,27,0,142,27,0,156,27,0,168,26,0,184,26,0,197,25,0,214,25,0,228,25,0,247,25,0,133,247,0,133,247,0,133,247,0,133,247,0,133,247,0,133,247,0,133,247,0,133,247,0,114,112,0,114,112,0,114,112,0,114,112,0,114,112,0,114,112,0,114,112,0,114,112,0,102,30,0,102,30,0,100,30,0,100,30,0,100,30,0,100,30,0,100,30,0,100,30,0,194,25,0,194,25,0,194,26,0,194,26,0,194,26,0,194,26,0,194,26,0,194,26
0,73,247,0,77,247,0,82,247,0,88,250,0,93,247,0,93,226,0,91,201,0,91,182,0,89,162,0,88,144,0,87,127,0,85,111,0,83,96,0,83,83,0,71,62,0,72,52,0,79,50,0,89,49,0,98,47,0,109,46,0,119,46,0,132,45,0,142,45,0,156,46,0,168,45,0,184,46,0,197,46,0,214,47,0,228,48,0,247,49,0,89,247,0,89,247,0,89,247,0,89,247,0,89,247,0,89,247,0,89,247,0,89,247,0,85,114,0,85,114,0,85,114,0,85,114,0,85,114,0,85,114,0,85,114,0,85,114,0,102,47,0,102,47,0,100,47,0,100,47,0,100,47,0,100,47,0,100,47,0,100,47,0,194,46,0,194,46,0,194,46,0,194,46,0,194,47,0,194,47,0,194,47,0,194,47
0,22,247,0,23,247,0,26,247,0,29,250,0,33,247,0,34,226,0,34,201,0,36,182,0,37,162,0,38,144,0,39,127,0,40,111,0,41,96,0,42,83,0,43,71,0,52,72,0,67,79,0,85,89,0,98,93,0,109,95,0,119,95,0,132,98,0,142,99,0,156,103,0,168,105,0,184,109,0,197,111,0,214,115,0,228,119,0,247,123,0,30,247,0,30,247,0,30,247,0,30,247,0,30,247,0,30,247,0,30,247,0,30,247,0,40,114,0,40,114,0,40,114,0,40,114,0,40,114,0,40,114,0,40,114,0,40,114,0,102,93,0,102,93,0,100,93,0,100,93,0,100,93,0,100,93,0,100,93,0,100,93,0,194,111,0,194,111,0,194,111,0,194,111,0,194,111,0,194,111,0,194,111,0,194,111
0,8,247,0,9,247,0,11,247,0,13,250,0,15,247,0,16,226,0,17,201,0,18,182,0,20,162,0,21,144,0,23,127,0,24,111,0,26,96,0,27,83,0,29,71,0,37,72,0,47,79,0,62,89,0,75,98,0,93,109,0,108,119,0,130,132,0,142,137,0,156,144,0,168,147,0,184,153,0,197,156,0,214,164,0,228,170,0,247,178,0,13,247,0,13,247,0,13,247,0,13,247,0,13,247,0,13,247,0,13,247,0,13,247,0,24,114,0,24,114,0,24,114,0,24,114,0,23,114,0,23,114,0,23,114,0,23,114,0,80,102,0,80,102,0,80,100,0,80,100,0,80,100,0,80,100,0,80,100,0,80,100,0,194,156,0,194,156,0,194,156,0,194,156,0,194,156,0,194,156,0,194,156,0,194,156
0,1,247,0,2,247,0,2,247,0,3,250,0,5,247,0,6,226,0,6,201,0,8,182,0,9,162,0,10,144,0,11,127,0,13,111,0,14,96,0,16,83,0,18,71,0,24,72,0,32,79,0,42,89,0,52,98,0,66,109,0,78,119,0,93,132,0,108,142,0,125,156,0,142,168,0,162,184,0,182,197,0,205,214,0,223,228,0,247,242,0,4,247,0,4,247,0,4,247,0,4,247,0,4,247,0,4,247,0,4,247,0,4,247,0,13,114,0,13,114,0,13,114,0,13,114,0,12,114,0,12,114,0,12,114,0,12,114,0,56,102,0,56,102,0,56,100,0,56,100,0,56,100,0,56,100,0,56,100,0,56,100,0,178,194,0,178,194,0,178,194,0,178,194,0,178,194,0,178,194,0,178,194,0,178,194
0,0,247,0,0,247,0,0,247,0,0,250,0,0,247,0,1,226,0,1,201,0,2,182,0,2,162,0,3,144,0,4,127,0,6,111,0,7,96,0,9,83,0,10,71,0,14,72,0,20,79,0,28,89,0,35,98,0,45,109,0,53,119,0,66,132,0,75,142,0,89,156,0,102,168,0,117,184,0,132,197,0,149,214,0,164,228,0,184,247,0,0,247,0,0,247,0,0,247,0,0,247,0,0,247,0,0,247,0,0,247,0,0,247,0,5,114,0,5,114,0,5,114,0,5,114,0,5,114,0,5,114,0,5,114,0,5,114,0,38,102,0,38,102,0,37,100,0,37,100,0,37,100,0,37,100,0,37,100,0,37,100,0,128,194,0,128,194,0,128,194,0,128,194,0,128,194,0,128,194,0,128,194,0,128,194
4,0,247,4,0,247,3,0,247,2,0,250,1,0,247,1,0,226,0,0,201,0,0,182,0,0,162,0,0,144,0,0,127,0,0,111,0,0,96,0,1,83,0,1,71,0,3,72,0,5,79,0,8,89,0,11,98,0,16,109,0,20,119,0,25,132,0,31,142,0,37,156,0,43,168,0,51,184,0,59,197,0,67,214,0,74,228,0,85,247,2,0,247,2,0,247,2,0,247,2,0,247,2,0,247,2,0,247,2,0,247,2,0,247,0,0,114,0,0,114,0,0,114,0,0,114,0,0,114,0,0,114,0,0,114,0,0,114,0,13,102,0,13,102,0,12,100,0,12,100,0,12,100,0,12,100,0,12,100,0,12,100,0,56,194,0,56,194,0,56,194,0,56,194,0,56,194,0,56,194,0,56,194,0,56,194
14,0,247,13,0,247,11,0,247,10,0,250,8,0,247,5,0,226,3,0,201,2,0,182,1,0,162,0,0,144,0,0,127,0,0,111,0,0,96,0,0,83,0,0,71,0,1,72,0,2,79,0,3,89,0,5,98,0,8,109,0,10,119,0,14,132,0,17,142,0,21,156,0,25,168,0,30,184,0,34,197,0,41,214,0,46,228,0,52,247,9,0,247,9,0,247,9,0,247,9,0,247,9,0,247,9,0,247,9,0,247,9,0,247,0,0,114,0,0,114,0,0,114,0,0,114,0,0,114,0,0,114,0,0,114,0,0,114,0,6,102,0,6,102,0,6,100,0,6,100,0,6,100,0,6,100,0,6,100,0,6,100,0,34,194,0,34,194,0,34,194,0,34,194,0,34,194,0,34,194,0,34,194,0,34,194
31,0,247,29,0,247,27,0,247,24,0,250,21,0,247,16,0,226,11,0,201,8,0,182,6,0,162,3,0,144,2,0,127,1,0,111,0,0,96,0,0,83,0,0,71,0,0,72,0,0,79,0,0,89,0,1,98,0,2,109,0,4,119,0,6,132,0,7,142,0,10,156,0,12,168,0,14,184,0,17,197,0,21,214,0,24,228,0,29,247,23,0,247,23,0,247,23,0,247,23,0,247,23,0,247,23,0,247,23,0,247,23,0,247,1,0,114,1,0,114,1,0,114,1,0,114,1,0,114,1,0,114,1,0,114,1,0,114,0,2,102,0,2,102,0,1,100,0,1,100,0,1,100,0,1,100,0,1,100,0,1,100,0,17,194,0,17,194,0,17,194,0,17,194,0,17,194,0,17,194,0,17,194,0,17,194
56,0,247,53,0,247,50,0,247,47,0,250,42,0,247,34,0,226,26,0,201,19,0,182,14,0,162,10,0,144,6,0,127,4,0,111,2,0,96,1,0,83,0,0,71,0,0,72,0,0,79,0,0,89,0,0,98,0,0,109,0,0,119,0,1,132,0,2,142,0,3,156,0,4,168,0,5,184,0,7,197,0,9,214,0,10,228,0,12,247,45,0,247,45,0,247,45,0,247,45,0,247,45,0,247,45,0,247,45,0,247,45,0,247,4,0,114,4,0,114,4,0,114,4,0,114,4,0,114,4,0,114,5,0,114,5,0,114,0,0,102,0,0,102,0,0,100,0,0,100,0,0,100,0,0,100,0,0,100,0,0,100,0,6,194,0,6,194,0,6,194,0,6,194,0,6,194,0,6,194,0,6,194,0,6,194
137,0,247,132,0,247,125,0,247,120,0,250,111,0,247,92,0,226,75,0,201,61,0,182,48,0,162,37,0,144,28,0,127,19,0,111,14,0,96,8,0,83,5,0,71,3,0,72,2,0,79,1,0,89,0,0,98,0,0,109,0,0,119,0,0,132,0,0,142,0,0,156,0,0,168,0,0,184,0,0,197,0,0,214,0,0,228,0,0,247,115,0,247,115,0,247,115,0,247,115,0,247,115,0,247,115,0,247,115,0,247,115,0,247,21,0,114,21,0,114,21,0,114,21,0,114,21,0,114,21,0,114,22,0,114,22,0,114,0,0,102,0,0,102,0,0,100,0,0,100,0,0,100,0,0,100,0,0,100,0,0,100,0,0,194,0,0,194,0,0,194,0,0,194,0,0,194,0,0,194,0,0,194,0,0,194
194,0,247,186,0,247,180,0,247,172,0,250,160,0,247,137,0,226,112,0,201,92,0,182,74,0,162,59,0,144,45,0,127,34,0,111,24,0,96,16,0,83,10,0,71,7,0,72,5,0,79,4,0,89,3,0,98,2,0,109,2,0,119,1,0,132,1,0,142,1,0,156,0,0,168,0,0,184,0,0,197,0,0,214,0,0,228,0,0,247,168,0,247,168,0,247,168,0,247,168,0,247,168,0,247,168,0,247,168,0,247,168,0,247,36,0,114,36,0,114,36,0,114,36,0,114,36,0,114,36,0,114,37,0,114,37,0,114,3,0,102,3,0,102,3,0,100,3,0,100,3,0,100,3,0,100,3,0,100,3,0,100,0,0,194,0,0,194,0,0,194,0,0,194,0,0,194,0,0,194,0,0,194,0,0,194
247,0,230,247,0,237,247,0,247,237,0,250,223,0,247,192,0,226,158,0,201,133,0,182,109,0,162,87,0,144,68,0,127,52,0,111,38,0,96,27,0,83,18,0,71,14,0,72,11,0,79,10,0,89,9,0,98,8,0,109,7,0,119,6,0,132,5,0,142,5,0,156,4,0,168,4,0,184,3,0,197,3,0,214,2,0,228,2,0,247,233,0,247,233,0,247,233,0,247,233,0,247,233,0,247,233,0,247,233,0,247,233,0,247,55,0,114,55,0,114,55,0,114,55,0,114,55,0,114,55,0,114,55,0,114,55,0,114,8,0,102,8,0,102,8,0,100,8,0,100,9,0,100,9,0,100,9,0,100,9,0,100,3,0,194,3,0,194,3,0,194,3,0,194,3,0,194,3,0,194,3,0,194,3,0,194
247,0,168,247,0,174,247,0,182,250,0,192,247,0,203,226,0,197,201,0,188,182,0,182,149,0,162,122,0,144,96,0,127,75,0,111,56,0,96,42,0,83,29,0,71,23,0,72,21,0,79,19,0,89,17,0,98,16,0,109,15,0,119,14,0,132,13,0,142,13,0,156,12,0,168,11,0,184,11,0,197,11,0,214,10,0,228,10,0,247,247,0,194,247,0,194,247,0,194,247,0,194,247,0,194,247,0,194,247,0,194,247,0,194,80,0,114,80,0,114,80,0,114,80,0,114,80,0,114,80,0,114,80,0,114,80,0,114,17,0,102,17,0,102,17,0,100,17,0,100,17,0,100,17,0,100,17,0,100,17,0,100,11,0,194,11,0,194,11,0,194,11,0,194,11,0,194,11,0,194,11,0,194,11,0,194
247,0,77,247,0,80,247,0,84,250,0,92,247,0,98,226,0,98,201,0,95,182,0,93,162,0,92,144,0,91,127,0,89,111,0,88,96,0,85,82,0,83,60,0,71,51,0,72,48,0,79,47,0,89,45,0,98,44,0,109,43,0,119,43,0,132,43,0,142,44,0,156,43,0,168,44,0,184,44,0,197,45,0,214,45,0,228,46,0,247,247,0,92,247,0,92,247,0,92,247,0,92,247,0,92,247,0,92,247,0,92,247,0,92,114,0,88,114,0,88,114,0,88,114,0,88,114,0,88,114,0,88,114,0,88,114,0,88,45,0,102,45,0,102,45,0,100,45,0,100,45,0,100,45,0,100,45,0,100,45,0,100,44,0,194,44,0,194,44,0,194,44,0,194,44,0,194,44,0,194,44,0,194,44,0,194
247,0,44,247,0,47,247,0,51,250,0,55,247,0,61,226,0,61,201,0,61,182,0,61,162,0,61,144,0,61,127,0,61,111,0,62,96,0,61,83,0,62,71,0,61,71,0,72,67,0,79,67,0,89,66,0,98,66,0,109,66,0,119,67,0,132,67,0,142,69,0,156,69,0,168,72,0,184,73,0,197,75,0,214,77,0,228,79,0,247,247,0,56,247,0,56,247,0,56,247,0,56,247,0,56,247,0,56,247,0,56,247,0,56,114,0,61,114,0,61,114,0,61,114,0,61,114,0,61,114,0,61,114,0,61,114,0,61,66,0,102,66,0,102,66,0,100,66,0,100,66,0,100,66,0,100,66,0,100,66,0,100,73,0,194,73,0,194,73,0,194,73,0,194,73,0,194,73,0,194,73,0,194,73,0,194
247,0,23,247,0,25,247,0,27,250,0,31,247,0,34,226,0,35,201,0,36,182,0,37,162,0,38,144,0,39,127,0,40,111,0,42,96,0,42,83,0,43,71,0,44,72,0,53,79,0,68,89,0,88,91,0,98,92,0,109,93,0,119,95,0,132,98,0,142,100,0,156,102,0,168,106,0,184,108,0,197,112,0,214,115,0,228,119,0,247,247,0,31,247,0,31,247,0,31,247,0,31,247,0,31,247,0,31,247,0,31,247,0,31,114,0,41,114,0,41,114,0,41,114,0,41,114,0,41,114,0,41,114,0,41,114,0,41,92,0,102,92,0,102,92,0,100,92,0,100,92,0,100,92,0,100,92,0,100,92,0,100,108,0,194,108,0,194,108,0,194,108,0,194,108,0,194,108,0,194,108,0,194,108,0,194
247,0,9,247,0,11,247,0,12,250,0,14,247,0,16,226,0,18,201,0,19,182,0,20,162,0,22,144,0,23,127,0,24,111,0,26,96,0,27,83,0,29,71,0,31,72,0,38,79,0,50,89,0,64,98,0,78,109,0,96,119,0,112,130,0,132,133,0,142,138,0,156,142,0,168,147,0,184,151,0,197,158,0,214,164,0,228,170,0,247,247,0,14,247,0,14,247,0,14,247,0,14,247,0,14,247,0,14,247,0,14,247,0,14,114,0,25,114,0,25,114,0,25,114,0,25,114,0,25,114,0,25,114,0,25,114,0,25,102,0,83,102,0,83,100,0,83,100,0,83,100,0,83,100,0,83,100,0,83,100,0,83,151,0,194,151,0,194,151,0,194,151,0,194,151,0,194,151,0,194,151,0,194,151,0,194
247,0,0,247,0,0,247,0,0,250,0,0,247,0,0,226,0,1,201,0,1,182,0,2,162,0,3,144,0,4,127,0,5,111,0,6,96,0,8,83,0,9,71,0,11,72,0,15,79,0,21,89,0,29,98,0,37,109,0,47,119,0,55,132,0,67,142,0,78,156,0,92,168,0,105,184,0,120,197,0,135,214,0,153,228,0,168,247,0,190,247,0,0,247,0,0,247,0,0,247,0,0,247,0,0,247,0,0,247,0,0,247,0,0,114,0,6,114,0,6,114,0,6,114,0,6,114,0,6,114,0,6,114,0,6,114,0,6,102,0,39,102,0,39,100,0,39,100,0,39,100,0,39,100,0,39,100,0,39,100,0,39,194,0,132,194,0,132,194,0,132,194,0,132,194,0,132,194,0,132,194,0,132,194,0,132
247,0,0,247,0,0,247,0,0,250,0,0,247,0,0,226,0,0,201,0,0,182,0,0,162,0,0,144,0,0,127,0,1,111,0,2,96,0,3,83,0,4,71,0,5,72,0,8,79,0,12,89,0,17,98,0,22,109,0,29,119,0,36,132,0,45,142,0,52,156,0,63,168,0,72,184,0,83,197,0,93,214,0,108,228,0,119,247,0,133,247,0,0,247,0,0,247,0,0,247,0,0,247,0,0,247,0,0,247,0,0,247,0,0,114,0,2,114,0,2,114,0,2,114,0,2,114,0,1,114,0,1,114,0,1,114,0,1,102,0,25,102,0,25,100,0,24,100,0,24,100,0,24,100,0,24,100,0,24,100,0,24,194,0,91,194,0,91,194,0,91,194,0,91,194,0,91,194,0,91,194,0,91,194,0,91
247,4,0,247,3,0,247,2,0,250,2,0,247,1,0,226,0,0,201,0,0,182,0,0,162,0,0,144,0,0,127,0,0,111,0,0,96,0,0,83,0,1,71,0,2,72,0,3,79,0,6,89,0,9,98,0,12,109,0,17,119,0,21,132,0,27,142,0,32,156,0,39,168,0,46,184,0,53,197,0,62,214,0,71,228,0,79,247,0,89,247,1,0,247,1,0,247,1,0,247,1,0,247,1,0,247,1,0,247,1,0,247,1,0,114,0,0,114,0,0,114,0,0,114,0,0,114,0,0,114,0,0,114,0,0,114,0,0,102,0,14,102,0,14,100,0,14,100,0,14,100,0,14,100,0,14,100,0,14,100,0,14,194,0,60,194,0,60,194,0,60,194,0,60,194,0,60,194,0,60,194,0,60,194,0,60
247,13,0,247,11,0,247,10,0,250,9,0,247,7,0,226,5,0,201,3,0,182,2,0,162,1,0,144,0,0,127,0,0,111,0,0,96,0,0,83,0,0,71,0,0,72,0,1,79,0,2,89,0,4,98,0,6,109,0,8,119,0,11,132,0,14,142,0,18,156,0,22,168,0,27,184,0,31,197,0,37,214,0,42,228,0,48,247,0,55,247,8,0,247,8,0,247,8,0,247,8,0,247,8,0,247,8,0,247,8,0,247,8,0,114,0,0,114,0,0,114,0,0,114,0,0,114,0,0,114,0,0,114,0,0,114,0,0,102,0,6,102,0,6,100,0,6,100,0,6,100,0,6,100,0,6,100,0,6,100,0,6,194,0,35,194,0,35,194,0,35,194,0,35,194,0,35,194,0,35,194,0,35,194,0,35
247,53,0,247,51,0,247,47,0,250,43,0,247,38,0,226,31,0,201,23,0,182,18,0,162,13,0,144,9,0,127,6,0,111,3,0,96,2,0,83,0,0,71,0,0,72,0,0,79,0,0,89,0,0,98,0,0,109,0,0,119,0,1,132,0,2,142,0,2,156,0,3,168,0,5,184,0,6,197,0,8,214,0,10,228,0,11,247,0,14,247,42,0,247,42,0,247,42,0,247,42,0,247,42,0,247,42,0,247,42,0,247,42,0,114,4,0,114,4,0,114,4,0,114,4,0,114,4,0,114,4,0,114,4,0,114,4,0,102,0,0,102,0,0,100,0,0,100,0,0,100,0,0,100,0,0,100,0,0,100,0,0,194,0,7,194,0,7,194,0,7,194,0,7,194,0,7,194,0,7,194,0,7,194,0,7
247,88,0,247,84,0,247,79,0,250,75,0,247,68,0,226,56,0,201,44,0,182,35,0,162,27,0,144,20,0,127,14,0,111,9,0,96,6,0,83,3,0,71,1,0,72,0,0,79,0,0,89,0,0,98,0,0,109,0,0,119,0,0,132,0,0,142,0,0,156,0,0,168,0,1,184,0,1,197,0,2,214,0,2,228,0,3,247,0,4,247,72,0,247,72,0,247,72,0,247,72,0,247,72,0,247,72,0,247,72,0,247,72,0,114,10,0,114,10,0,114,10,0,114,10,0,114,10,0,114,10,0,114,11,0,114,11,0,102,0,0,102,0,0,100,0,0,100,0,0,100,0,0,100,0,0,100,0,0,100,0,0,194,0,1,194,0,1,194,0,1,194,0,1,194,0,1,194,0,1,194,0,1,194,0,1
247,133,0,247,128,0,247,122,0,250,115,0,247,106,0,226,89,0,201,72,0,182,59,0,162,46,0,144,35,0,127,27,0,111,18,0,96,13,0,83,8,0,71,4,0,72,2,0,79,1,0,89,1,0,98,0,0,109,0,0,119,0,0,132,0,0,142,0,0,156,0,0,168,0,0,184,0,0,197,0,0,214,0,0,228,0,0,247,0,0,247,112,0,247,112,0,247,112,0,247,112,0,247,112,0,247,112,0,247,112,0,247,112,0,114,21,0,114,21,0,114,21,0,114,21,0,114,21,0,114,21,0,114,21,0,114,21,0,102,0,0,102,0,0,100,0,0,100,0,0,100,0,0,100,0,0,100,0,0,100,0,0,194,0,0,194,0,0,194,0,0,194,0,0,194,0,0,194,0,0,194,0,0,194,0,0
247,188,0,247,182,0,247,174,0,250,166,0,247,155,0,226,132,0,201,108,0,182,89,0,162,72,0,144,56,0,127,43,0,111,32,0,96,23,0,83,15,0,71,10,0,72,7,0,79,5,0,89,4,0,98,3,0,109,2,0,119,1,0,132,1,0,142,1,0,156,0,0,168,0,0,184,0,0,197,0,0,214,0,0,228,0,0,247,0,0,247,162,0,247,162,0,247,162,0,247,162,0,247,162,0,247,162,0,247,162,0,247,162,0,114,34,0,114,34,0,114,34,0,114,34,0,114,34,0,114,34,0,114,35,0,114,35,0,102,2,0,102,2,0,100,2,0,100,2,0,100,3,0,100,3,0,100,3,0,100,3,0,194,0,0,194,0,0,194,0,0,194,0,0,194,0,0,194,0,0,194,0,0,194,0,0
174,247,0,182,247,0,188,247,0,201,250,0,210,247,0,203,226,0,194,201,0,182,176,0,162,145,0,144,117,0,127,93,0,111,72,0,96,54,0,83,40,0,71,27,0,72,22,0,79,19,0,89,18,0,98,16,0,109,15,0,119,14,0,132,13,0,142,12,0,156,11,0,168,11,0,184,10,0,197,10,0,214,9,0,228,9,0,247,9,0,201,247,0,201,247,0,201,247,0,201,247,0,201,247,0,201,247,0,201,247,0,201,247,0,114,77,0,114,77,0,114,77,0,114,77,0,114,77,0,114,77,0,114,78,0,114,78,0,102,16,0,102,16,0,100,16,0,100,16,0,100,16,0,100,16,0,100,16,0,100,16,0,194,10,0,194,10,0,194,10,0,194,10,0,194,10,0,194,10,0,194,10,0,194,10,0
122,247,0,127,247,0,132,247,0,142,250,0,149,247,0,145,226,0,140,201,0,138,182,0,133,162,0,130,144,0,125,127,0,111,100,0,96,78,0,83,57,0,71,42,0,72,34,0,79,31,0,89,29,0,98,28,0,109,27,0,119,26,0,132,25,0,142,24,0,156,24,0,168,23,0,184,23,0,197,23,0,214,23,0,228,22,0,247,22,0,142,247,0,142,247,0,142,247,0,142,247,0,142,247,0,142,247,0,142,247,0,142,247,0,114,106,0,114,106,0,114,106,0,114,106,0,114,106,0,114,106,0,114,108,0,114,108,0,102,28,0,102,28,0,100,28,0,100,28,0,100,28,0,100,28,0,100,28,0,100,28,0,194,23,0,194,23,0,194,23,0,194,23,0,194,23,0,194,23,0,194,23,0,194,23,0
79,247,0,83,247,0,88,247,0,95,250,0,102,247,0,100,226,0,98,201,0,98,182,0,95,162,0,93,144,0,92,127,0,91,111,0,88,96,0,83,79,0,71,57,0,72,50,0,79,46,0,89,45,0,98,43,0,109,43,0,119,42,0,132,42,0,142,42,0,156,42,0,168,42,0,184,42,0,197,42,0,214,42,0,228,43,0,247,44,0,96,247,0,96,247,0,96,247,0,96,247,0,96,247,0,96,247,0,96,247,0,96,247,0,91,114,0,91,114,0,91,114,0,91,114,0,91,114,0,91,114,0,91,114,0,91,114,0,102,43,0,102,43,0,100,43,0,100,43,0,100,43,0,100,43,0,100,43,0,100,43,0,194,42,0,194,42,0,194,42,0,194,42,0,194,42,0,194,42,0,194,42,0,194,42,0
24,247,0,27,247,0,29,247,0,32,250,0,36,247,0,37,226,0,37,201,0,39,182,0,40,162,0,41,144,0,42,127,0,42,111,0,43,96,0,45,83,0,45,71,0,55,72,0,69,79,0,89,89,0,98,89,0,109,91,0,119,91,0,132,93,0,142,95,0,156,98,0,168,99,0,184,103,0,197,105,0,214,109,0,228,112,0,247,115,0,33,247,0,33,247,0,33,247,0,33,247,0,33,247,0,33,247,0,33,247,0,33,247,0,42,114,0,42,114,0,42,114,0,42,114,0,42,114,0,42,114,0,42,114,0,42,114,0,102,89,0,102,89,0,100,89,0,100,89,0,100,89,0,100,89,0,100,89,0,100,89,0,194,105,0,194,105,0,194,105,0,194,105,0,194,105,0,194,105,0,194,105,0,194,105,0
10,247,0,11,247,0,13,247,0,15,250,0,17,247,0,18,226,0,19,201,0,21,182,0,22,162,0,23,144,0,25,127,0,27,111,0,28,96,0,30,83,0,31,71,0,39,72,0,51,79,0,66,89,0,79,98,0,98,109,0,114,119,0,132,128,0,142,130,0,156,137,0,168,138,0,184,145,0,197,149,0,214,156,0,228,160,0,247,168,0,15,247,0,15,247,0,15,247,0,15,247,0,15,247,0,15,247,0,15,247,0,15,247,0,26,114,0,26,114,0,26,114,0,26,114,0,26,114,0,26,114,0,26,114,0,26,114,0,84,102,0,84,102,0,84,100,0,84,100,0,84,100,0,84,100,0,84,100,0,84,100,0,194,147,0,194,147,0,194,147,0,194,147,0,194,149,0,194,149,0,194,149,0,194,149,0
2,247,0,3,247,0,4,247,0,5,250,0,6,247,0,7,226,0,8,201,0,10,182,0,11,162,0,12,144,0,14,127,0,15,111,0,16,96,0,18,83,0,20,71,0,26,72,0,35,79,0,46,89,0,56,98,0,72,109,0,84,119,0,100,132,0,115,142,0,135,156,0,151,168,0,174,184,0,192,197,0,214,210,0,228,219,0,247,228,0,5,247,0,5,247,0,5,247,0,5,247,0,5,247,0,5,247,0,5,247,0,5,247,0,14,114,0,14,114,0,14,114,0,14,114,0,14,114,0,14,114,0,14,114,0,14,114,0,62,102,0,62,102,0,61,100,0,61,100,0,61,100,0,61,100,0,61,100,0,61,100,0,188,194,0,188,194,0,188,194,0,188,194,0,188,194,0,188,194,0,188,194,0,188,194,0
0,247,0,0,247,0,0,247,0,0,250,0,1,247,0,1,226,0,2,201,0,2,182,0,3,162,0,5,144,0,6,127,0,7,111,0,8,96,0,10,83,0,11,71,0,16,72,0,22,79,0,31,89,0,38,98,0,49,109,0,59,119,0,71,132,0,82,142,0,96,156,0,109,168,0,125,184,0,140,197,0,160,214,0,176,228,0,197,247,0,0,247,0,0,247,0,0,247,0,0,247,0,0,247,0,0,247,0,0,247,0,0,247,0,7,114,0,7,114,0,7,114,0,7,114,0,6,114,0,6,114,0,6,114,0,6,114,0,42,102,0,42,102,0,41,100,0,41,100,0,41,100,0,41,100,0,41,100,0,41,100,0,137,194,0,137,194,0,137,194,0,137,194,0,137,194,0,137,194,0,137,194,0,137,194,0
0,247,0,0,247,0,0,247,0,0,250,0,0,247,0,0,226,0,0,201,0,0,182,0,0,162,0,1,144,0,1,127,0,2,111,0,3,96,0,4,83,0,6,71,0,9,72,0,12,79,0,18,89,0,23,98,0,31,109,0,37,119,0,47,132,0,54,142,0,65,156,0,74,168,0,87,184,0,96,197,0,111,214,0,122,228,0,138,247,0,0,247,0,0,247,0,0,247,0,0,247,0,0,247,0,0,247,0,0,247,0,0,247,0,2,114,0,2,114,0,2,114,0,2,114,0,2,114,0,2,114,0,2,114,0,2,114,0,26,102,0,26,102,0,25,100,0,25,100,0,25,100,0,25,100,0,25,100,0,25,100,0,95,194,0,95,194,0,95,194,0,95,194,0,95,194,0,95,194,0,95,194,0,95,194,0
0,247,12,0,247,11,0,247,9,0,250,8,0,247,6,0,226,4,0,201,2,0,182,1,0,162,0,0,144,0,0,127,0,0,111,0,0,96,0,0,83,0,0,71,0,1,72,0,2,79,0,4,89,0,6,98,0,9,109,0,11,119,0,15,132,0,19,142,0,23,156,0,28,168,0,33,184,0,38,197,0,45,214,0,51,228,0,57,247,0,0,247,7,0,247,7,0,247,7,0,247,7,0,247,7,0,247,7,0,247,7,0,247,7,0,114,0,0,114,0,0,114,0,0,114,0,0,114,0,0,114,0,0,114,0,0,114,0,7,102,0,7,102,0,7,100,0,7,100,0,7,100,0,7,100,0,7,100,0,7,100,0,37,194,0,37,194,0,37,194,0,37,194,0,37,194,0,37,194,0,37,194,0,37,194,0
0,247,28,0,247,26,0,247,23,0,250,21,0,247,18,0,226,14,0,201,10,0,182,7,0,162,4,0,144,2,0,127,1,0,111,0,0,96,0,0,83,0,0,71,0,0,72,0,0,79,0,1,89,0,2,98,0,3,109,0,5,119,0,7,132,0,9,142,0,11,156,0,14,168,0,17,184,0,20,197,0,24,214,0,27,228,0,32,247,0,0,247,20,0,247,20,0,247,20,0,247,20,0,247,20,0,247,20,0,247,20,0,247,20,0,114,0,0,114,0,0,114,0,0,114,0,0,114,0,0,114,0,0,114,0,0,114,0,2,102,0,2,102,0,2,100,0,2,100,0,2,100,0,2,100,0,2,100,0,2,100,0,19,194,0,19,194,0,19,194,0,19,194,0,19,194,0,19,194,0,19,194,0,19,194,0
0,247,52,0,247,49,0,247,45,0,250,42,0,247,37,0,226,29,0,201,22,0,182,17,0,162,12,0,144,8,0,127,5,0,111,3,0,96,1,0,83,0,0,71,0,0,72,0,0,79,0,0,89,0,0,98,0,0,109,0,1,119,0,2,132,0,3,142,0,4,156,0,5,168,0,7,184,0,8,197,0,10,214,0,12,228,0,14,247,0,0,247,40,0,247,40,0,247,40,0,247,40,0,247,40,0,247,40,0,247,40,0,247,40,0,114,3,0,114,3,0,114,3,0,114,3,0,114,3,0,114,3,0,114,4,0,114,4,0,102,0,0,102,0,0,100,0,0,100,0,0,100,0,0,100,0,0,100,0,0,100,0,8,194,0,8,194,0,8,194,0,8,194,0,8,194,0,8,194,0,8,194,0,8,194,0
0,247,84,0,247,80,0,247,75,0,250,72,0,247,65,0,226,53,0,201,42,0,182,33,0,162,25,0,144,18,0,127,13,0,111,9,0,96,5,0,83,3,0,71,1,0,72,0,0,79,0,0,89,0,0,98,0,0,109,0,0,119,0,0,132,0,0,142,0,0,156,0,1,168,0,1,184,0,2,197,0,3,214,0,3,228,0,5,247,0,0,247,69,0,247,69,0,247,69,0,247,69,0,247,69,0,247,69,0,247,69,0,247,69,0,114,10,0,114,10,0,114,10,0,114,10,0,114,10,0,114,10,0,114,10,0,114,10,0,102,0,0,102,0,0,100,0,0,100,0,0,100,0,0,100,0,0,100,0,0,100,0,2,194,0,2,194,0,2,194,0,2,194,0,2,194,0,2,194,0,2,194,0,2,194,0
0,247,184,0,247,178,0,247,170,0,250,162,0,247,151,0,226,128,0,201,105,0,182,87,0,162,69,0,144,54,0,127,42,0,111,31,0,96,22,0,83,14,0,71,9,0,72,6,0,79,5,0,89,3,0,98,2,0,109,2,0,119,1,0,132,1,0,142,1,0,156,0,0,168,0,0,184,0,0,197,0,0,214,0,0,228,0,0,247,0,0,247,158,0,247,158,0,247,158,0,247,158,0,247,158,0,247,158,0,247,158,0,247,158,0,114,33,0,114,33,0,114,33,0,114,33,0,114,33,0,114,33,0,114,34,0,114,34,0,102,2,0,102,2,0,100,2,0,100,2,0,100,2,0,100,2,0,100,2,0,100,2,0,194,0,0,194,0,0,194,0,0,194,0,0,194,0,0,194,0,0,194,0,0,194,0
0,245,247,0,247,242,0,247,233,0,250,223,0,247,210,0,226,180,0,201,149,0,182,125,0,162,102,0,144,80,0,127,64,0,111,48,0,96,35,0,83,25,0,71,16,0,72,12,0,79,10,0,89,9,0,98,7,0,109,6,0,119,6,0,132,5,0,142,4,0,156,3,0,168,3,0,184,3,0,197,2,0,214,2,0,228,2,0,247,1,0,247,219,0,247,219,0,247,219,0,247,219,0,247,219,0,247,219,0,247,219,0,247,219,0,114,52,0,114,52,0,114,52,0,114,52,0,114,52,0,114,52,0,114,52,0,114,52,0,102,7,0,102,7,0,100,7,0,100,7,0,100,7,0,100,7,0,100,7,0,100,7,0,194,2,0,194,2,0,194,2,0,194,2,0,194,2,0,194,2,0,194,2,0,194,2
0,180,247,0,186,247,0,194,247,0,205,250,0,214,247,0,207,226,0,199,201,0,182,172,0,162,142,0,144,114,0,127,91,0,111,71,0,96,53,0,83,38,0,71,27,0,72,21,0,79,18,0,89,17,0,98,15,0,109,14,0,119,13,0,132,12,0,142,11,0,156,11,0,168,10,0,184,10,0,197,9,0,214,9,0,228,8,0,247,8,0,205,247,0,205,247,0,205,247,0,205,247,0,205,247,0,205,247,0,205,247,0,205,247,0,114,75,0,114,75,0,114,75,0,114,75,0,114,75,0,114,75,0,114,75,0,114,75,0,102,15,0,102,15,0,100,15,0,100,15,0,100,15,0,100,15,0,100,15,0,100,15,0,194,9,0,194,9,0,194,9,0,194,9,0,194,9,0,194,9,0,194,9,0,194,9
0,125,247,0,132,247,0,137,247,0,147,250,0,155,247,0,151,226,0,145,201,0,142,182,0,138,162,0,133,144,0,127,125,0,111,98,0,96,75,0,83,55,0,71,40,0,72,33,0,79,30,0,89,29,0,98,27,0,109,25,0,119,24,0,132,23,0,142,23,0,156,22,0,168,22,0,184,22,0,197,21,0,214,21,0,228,21,0,247,21,0,147,247,0,147,247,0,147,247,0,147,247,0,147,247,0,147,247,0,147,247,0,147,247,0,114,103,0,114,103,0,114,103,0,114,103,0,114,103,0,114,103,0,114,103,0,114,103,0,102,27,0,102,27,0,100,27,0,100,27,0,100,27,0,100,27,0,100,27,0,100,27,0,194,21,0,194,21,0,194,22,0,194,22,0,194,22,0,194,22,0,194,22,0,194,22
0,51,247,0,53,247,0,57,247,0,63,250,0,68,247,0,68,226,0,67,201,0,68,182,0,67,162,0,67,144,0,67,127,0,67,111,0,66,96,0,66,83,0,66,71,0,72,66,0,79,63,0,89,62,0,98,61,0,109,61,0,119,61,0,132,62,0,142,62,0,156,63,0,168,63,0,184,65,0,197,65,0,214,67,0,228,68,0,247,71,0,64,247,0,64,247,0,64,247,0,64,247,0,64,247,0,64,247,0,64,247,0,64,247,0,67,114,0,67,114,0,67,114,0,67,114,0,67,114,0,67,114,0,67,114,0,67,114,0,102,62,0,102,62,0,100,61,0,100,61,0,100,61,0,100,61,0,100,61,0,100,61,0,194,65,0,194,65,0,194,66,0,194,66,0,194,66,0,194,66,0,194,66,0,194,66
0,27,247,0,29,247,0,31,247,0,35,250,0,38,247,0,40,226,0,40,201,0,42,182,0,42,162,0,43,144,0,44,127,0,45,111,0,45,96,0,47,83,0,47,71,0,57,72,0,72,79,0,89,87,0,98,85,0,109,87,0,119,88,0,132,89,0,142,91,0,156,93,0,168,95,0,184,99,0,197,100,0,214,105,0,228,106,0,247,111,0,36,247,0,36,247,0,36,247,0,36,247,0,36,247,0,36,247,0,36,247,0,36,247,0,44,114,0,44,114,0,44,114,0,44,114,0,44,114,0,44,114,0,44,114,0,44,114,0,102,87,0,102,87,0,100,87,0,100,87,0,100,87,0,100,87,0,100,87,0,100,87,0,194,100,0,194,100,0,194,100,0,194,100,0,194,100,0,194,100,0,194,100,0,194,100
0,11,247,0,12,247,0,14,247,0,16,250,0,19,247,0,20,226,0,21,201,0,23,182,0,24,162,0,25,144,0,27,127,0,28,111,0,29,96,0,31,83,0,32,71,0,41,72,0,52,79,0,68,89,0,82,98,0,100,109,0,117,119,0,132,123,0,142,127,0,156,132,0,168,133,0,184,140,0,197,144,0,214,151,0,228,155,0,247,160,0,17,247,0,17,247,0,17,247,0,17,247,0,17,247,0,17,247,0,17,247,0,17,247,0,28,114,0,28,114,0,28,114,0,28,114,0,27,114,0,27,114,0,27,114,0,27,114,0,88,102,0,88,102,0,87,100,0,87,100,0,87,100,0,87,100,0,87,100,0,87,100,0,194,144,0,194,144,0,194,144,0,194,144,0,194,144,0,194,144,0,194,144,0,194,144
0,3,247,0,3,247,0,4,247,0,5,250,0,7,247,0,8,226,0,9,201,0,10,182,0,11,162,0,13,144,0,14,127,0,16,111,0,17,96,0,19,83,0,21,71,0,27,72,0,36,79,0,48,89,0,59,98,0,73,109,0,85,119,0,103,132,0,119,142,0,138,156,0,155,168,0,178,184,0,197,197,0,214,205,0,228,212,0,247,223,0,6,247,0,6,247,0,6,247,0,6,247,0,6,247,0,6,247,0,6,247,0,6,247,0,15,114,0,15,114,0,15,114,0,15,114,0,15,114,0,15,114,0,15,114,0,15,114,0,63,102,0,63,102,0,63,100,0,63,100,0,63,100,0,63,100,0,63,100,0,63,100,0,192,194,0,192,194,0,192,194,0,192,194,0,192,194,0,192,194,0,192,194,0,192,194
0,0,247,0,0,247,0,0,247,0,0,250,0,0,247,0,0,226,0,0,201,0,0,182,0,0,162,0,1,144,0,1,127,0,2,111,0,3,96,0,5,83,0,6,71,0,9,72,0,13,79,0,19,89,0,25,98,0,32,109,0,39,119,0,49,132,0,56,142,0,67,156,0,78,168,0,89,184,0,100,197,0,115,214,0,127,228,0,144,247,0,0,247,0,0,247,0,0,247,0,0,247,0,0,247,0,0,247,0,0,247,0,0,247,0,2,114,0,2,114,0,2,114,0,2,114,0,2,114,0,2,114,0,2,114,0,2,114,0,27,102,0,27,102,0,27,100,0,27,100,0,27,100,0,27,100,0,27,100,0,27,100,0,99,194,0,99,194,0,99,194,0,99,194,0,99,194,0,99,194,0,99,194,0,99,194
2,0,247,2,0,247,1,0,247,1,0,250,0,0,247,0,0,226,0,0,201,0,0,182,0,0,162,0,0,144,0,0,127,0,0,111,0,1,96,0,1,83,0,2,71,0,4,72,0,7,79,0,11,89,0,14,98,0,19,109,0,24,119,0,31,132,0,36,142,0,43,156,0,51,168,0,60,184,0,67,197,0,78,214,0,87,228,0,98,247,1,0,247,1,0,247,1,0,247,1,0,247,1,0,247,1,0,247,1,0,247,1,0,247,0,0,114,0,0,114,0,0,114,0,0,114,0,0,114,0,0,114,0,0,114,0,0,114,0,16,102,0,16,102,0,15,100,0,15,100,0,15,100,0,15,100,0,15,100,0,15,100,0,66,194,0,66,194,0,66,194,0,66,194,0,66,194,0,66,194,0,66,194,0,66,194
11,0,247,10,0,247,8,0,247,7,0,250,6,0,247,4,0,226,2,0,201,1,0,182,0,0,162,0,0,144,0,0,127,0,0,111,0,0,96,0,0,83,0,0,71,0,1,72,0,2,79,0,4,89,0,7,98,0,10,109,0,12,119,0,16,132,0,20,142,0,25,156,0,29,168,0,35,184,0,41,197,0,47,214,0,52,228,0,61,247,6,0,247,6,0,247,6,0,247,6,0,247,6,0,247,6,0,247,6,0,247,6,0,247,0,0,114,0,0,114,0,0,114,0,0,114,0,0,114,0,0,114,0,0,114,0,0,114,0,8,102,0,8,102,0,7,100,0,7,100,0,7,100,0,7,100,0,7,100,0,7,100,0,39,194,0,39,194,0,39,194,0,39,194,0,39,194,0,39,194,0,39,194,0,39,194
25,0,247,23,0,247,22,0,247,19,0,250,16,0,247,12,0,226,9,0,201,6,0,182,4,0,162,2,0,144,1,0,127,0,0,111,0,0,96,0,0,83,0,0,71,0,0,72,0,0,79,0,1,89,0,2,98,0,4,109,0,5,119,0,7,132,0,10,142,0,12,156,0,15,168,0,18,184,0,22,197,0,26,214,0,29,228,0,34,247,18,0,247,18,0,247,18,0,247,18,0,247,18,0,247,18,0,247,18,0,247,18,0,247,0,0,114,0,0,114,0,0,114,0,0,114,0,0,114,0,0,114,0,0,114,0,0,114,0,2,102,0,2,102,0,2,100,0,2,100,0,2,100,0,2,100,0,2,100,0,2,100,0,21,194,0,21,194,0,21,194,0,21,194,0,21,194,0,21,194,0,21,194,0,21,194
82,0,247,78,0,247,73,0,247,68,0,250,62,0,247,51,0,226,40,0,201,31,0,182,24,0,162,17,0,144,12,0,127,8,0,111,5,0,96,2,0,83,1,0,71,0,0,72,0,0,79,0,0,89,0,0,98,0,0,109,0,0,119,0,0,132,0,0,142,0,0,156,0,1,168,0,2,184,0,2,197,0,3,214,0,4,228,0,5,247,66,0,247,66,0,247,66,0,247,66,0,247,66,0,247,66,0,247,66,0,247,66,0,247,9,0,114,9,0,114,9,0,114,9,0,114,9,0,114,9,0,114,9,0,114,9,0,114,0,0,102,0,0,102,0,0,100,0,0,100,0,0,100,0,0,100,0,0,100,0,0,100,0,2,194,0,2,194,0,2,194,0,2,194,0,2,194,0,2,194,0,2,194,0,2,194
123,0,247,119,0,247,112,0,247,106,0,250,98,0,247,82,0,226,66,0,201,53,0,182,42,0,162,32,0,144,23,0,127,16,0,111,11,0,96,7,0,83,3,0,71,2,0,72,1,0,79,0,0,89,0,0,98,0,0,109,0,0,119,0,0,132,0,0,142,0,0,156,0,0,168,0,0,184,0,0,197,0,0,214,0,0,228,0,0,247,103,0,247,103,0,247,103,0,247,103,0,247,103,0,247,103,0,247,103,0,247,103,0,247,18,0,114,18,0,114,18,0,114,18,0,114,18,0,114,18,0,114,18,0,114,18,0,114,0,0,102,0,0,102,0,0,100,0,0,100,0,0,100,0,0,100,0,0,100,0,0,100,0,0,194,0,0,194,0,0,194,0,0,194,0,0,194,0,0,194,0,0,194,0,0,194
176,0,247,170,0,247,162,0,247,155,0,250,144,0,247,122,0,226,100,0,201,83,0,182,66,0,162,52,0,144,39,0,127,29,0,111,21,0,96,13,0,83,8,0,71,6,0,72,4,0,79,3,0,89,2,0,98,1,0,109,1,0,119,1,0,132,0,0,142,0,0,156,0,0,168,0,0,184,0,0,197,0,0,214,0,0,228,0,0,247,151,0,247,151,0,247,151,0,247,151,0,247,151,0,247,151,0,247,151,0,247,151,0,247,31,0,114,31,0,114,31,0,114,31,0,114,31,0,114,31,0,114,31,0,114,31,0,114,2,0,102,2,0,102,2,0,100,2,0,100,2,0,100,2,0,100,2,0,100,2,0,100,0,0,194,0,0,194,0,0,194,0,0,194,0,0,194,0,0,194,0,0,194,0,0,194
242,0,247,235,0,247,226,0,247,219,0,250,203,0,247,174,0,226,144,0,201,120,0,182,98,0,162,78,0,144,61,0,127,46,0,111,34,0,96,23,0,83,15,0,71,11,0,72,10,0,79,8,0,89,7,0,98,6,0,109,5,0,119,4,0,132,4,0,142,3,0,156,2,0,168,2,0,184,2,0,197,2,0,214,1,0,228,1,0,247,212,0,247,212,0,247,212,0,247,212,0,247,212,0,247,212,0,247,212,0,247,212,0,247,50,0,114,50,0,114,50,0,114,50,0,114,50,0,114,50,0,114,50,0,114,50,0,114,6,0,102,6,0,102,6,0,100,6,0,100,7,0,100,7,0,100,7,0,100,7,0,100,2,0,194,2,0,194,2,0,194,2,0,194,2,0,194,2,0,194,2,0,194,2,0,194
247,0,130,247,0,135,247,0,142,250,0,151,247,0,158,226,0,156,201,0,149,182,0,145,162,0,142,144,0,137,122,0,127,95,0,111,73,0,96,54,0,83,38,0,71,31,0,72,29,0,79,27,0,89,25,0,98,24,0,109,23,0,119,22,0,132,22,0,142,21,0,156,21,0,168,21,0,184,20,0,197,20,0,214,19,0,228,19,0,247,247,0,153,247,0,153,247,0,153,247,0,153,247,0,153,247,0,153,247,0,153,247,0,153,102,0,114,102,0,114,102,0,114,102,0,114,102,0,114,102,0,114,102,0,114,102,0,114,25,0,102,25,0,102,25,0,100,25,0,100,25,0,100,25,0,100,25,0,100,25,0,100,20,0,194,20,0,194,20,0,194,20,0,194,20,0,194,20,0,194,20,0,194,20,0,194
247,0,85,247,0,91,247,0,95,250,0,102,247,0,109,226,0,108,201,0,105,182,0,103,162,0,102,144,0,99,127,0,98,111,0,96,96,0,93,75,0,83,54,0,71,46,0,72,43,0,79,42,0,89,41,0,98,40,0,109,39,0,119,38,0,132,38,0,142,38,0,156,37,0,168,38,0,184,38,0,197,38,0,214,39,0,228,39,0,247,247,0,103,247,0,103,247,0,103,247,0,103,247,0,103,247,0,103,247,0,103,247,0,103,114,0,96,114,0,96,114,0,96,114,0,96,114,0,96,114,0,96,114,0,96,114,0,96,40,0,102,40,0,102,40,0,100,40,0,100,41,0,100,41,0,100,41,0,100,41,0,100,38,0,194,38,0,194,38,0,194,38,0,194,38,0,194,38,0,194,38,0,194,38,0,194
247,0,53,247,0,56,247,0,61,250,0,66,247,0,71,226,0,72,201,0,71,182,0,71,162,0,69,144,0,69,127,0,69,111,0,69,96,0,68,83,0,68,71,0,67,64,0,72,61,0,79,61,0,89,60,0,98,59,0,109,59,0,119,59,0,132,60,0,142,61,0,156,61,0,168,62,0,184,63,0,197,64,0,214,65,0,228,67,0,247,247,0,67,247,0,67,247,0,67,247,0,67,247,0,67,247,0,67,247,0,67,247,0,67,114,0,69,114,0,69,114,0,69,114,0,69,114,0,69,114,0,69,114,0,69,114,0,69,60,0,102,60,0,102,60,0,100,60,0,100,60,0,100,60,0,100,60,0,100,60,0,100,63,0,194,63,0,194,63,0,194,63,0,194,63,0,194,63,0,194,63,0,194,63,0,194
247,0,29,247,0,31,247,0,33,250,0,37,247,0,41,226,0,42,201,0,42,182,0,43,162,0,44,144,0,45,127,0,46,111,0,47,96,0,47,83,0,49,71,0,49,72,0,60,79,0,74,84,0,89,83,0,98,84,0,109,85,0,119,87,0,132,88,0,142,91,0,156,92,0,168,95,0,184,96,0,197,100,0,214,103,0,228,106,0,247,247,0,37,247,0,37,247,0,37,247,0,37,247,0,37,247,0,37,247,0,37,247,0,37,114,0,46,114,0,46,114,0,46,114,0,46,114,0,46,114,0,46,114,0,46,114,0,46,84,0,102,84,0,102,84,0,100,84,0,100,84,0,100,84,0,100,84,0,100,84,0,100,96,0,194,96,0,194,96,0,194,96,0,194,98,0,194,98,0,194,98,0,194,98,0,194
247,0,3,247,0,4,247,0,5,250,0,6,247,0,8,226,0,9,201,0,10,182,0,11,162,0,12,144,0,14,127,0,15,111,0,17,96,0,18,83,0,21,71,0,22,72,0,29,79,0,37,89,0,50,98,0,61,109,0,75,119,0,89,132,0,106,142,0,122,156,0,142,168,0,160,184,0,182,190,0,197,201,0,214,207,0,228,216,0,247,247,0,6,247,0,6,247,0,6,247,0,6,247,0,6,247,0,6,247,0,6,247,0,6,114,0,16,114,0,16,114,0,16,114,0,16,114,0,16,114,0,16,114,0,16,114,0,16,102,0,65,102,0,65,100,0,65,100,0,65,100,0,65,100,0,65,100,0,65,100,0,65,190,0,194,190,0,194,190,0,194,190,0,194,190,0,194,190,0,194,190,0,194,190,0,194
247,0,0,247,0,0,247,0,0,250,0,1,247,0,1,226,0,2,201,0,2,182,0,3,162,0,4,144,0,6,127,0,7,111,0,8,96,0,9,83,0,11,71,0,13,72,0,17,79,0,24,89,0,33,98,0,41,109,0,52,119,0,62,132,0,75,142,0,87,156,0,102,168,0,115,184,0,133,197,0,149,214,0,168,228,0,184,247,0,207,247,0,1,247,0,1,247,0,1,247,0,1,247,0,1,247,0,1,247,0,1,247,0,1,114,0,8,114,0,8,114,0,8,114,0,8,114,0,8,114,0,8,114,0,8,114,0,8,102,0,44,102,0,44,100,0,44,100,0,44,100,0,44,100,0,44,100,0,44,100,0,44,194,0,145,194,0,145,194,0,145,194,0,145,194,0,145,194,0,145,194,0,145,194,0,145
247,0,0,247,0,0,247,0,0,250,0,0,247,0,0,226,0,0,201,0,0,182,0,0,162,0,0,144,0,1,127,0,2,111,0,3,96,0,4,83,0,5,71,0,7,72,0,10,79,0,14,89,0,21,98,0,26,109,0,34,119,0,42,132,0,52,142,0,60,156,0,71,168,0,80,184,0,93,197,0,105,214,0,120,228,0,132,247,0,149,247,0,0,247,0,0,247,0,0,247,0,0,247,0,0,247,0,0,247,0,0,247,0,0,114,0,2,114,0,2,114,0,2,114,0,2,114,0,2,114,0,2,114,0,2,114,0,2,102,0,29,102,0,29,100,0,28,100,0,28,100,0,28,100,0,28,100,0,28,100,0,28,194,0,102,194,0,102,194,0,102,194,0,102,194,0,102,194,0,102,194,0,102,194,0,102
247,2,0,247,2,0,247,1,0,250,1,0,247,0,0,226,0,0,201,0,0,182,0,0,162,0,0,144,0,0,127,0,0,111,0,0,96,0,1,83,0,1,71,0,2,72,0,4,79,0,7,89,0,11,98,0,15,109,0,20,119,0,25,132,0,31,142,0,37,156,0,45,168,0,52,184,0,61,197,0,69,214,0,79,228,0,88,247,0,100,247,1,0,247,1,0,247,1,0,247,1,0,247,1,0,247,1,0,247,1,0,247,1,0,114,0,0,114,0,0,114,0,0,114,0,0,114,0,0,114,0,0,114,0,0,114,0,0,102,0,16,102,0,16,100,0,16,100,0,16,100,0,16,100,0,16,100,0,16,100,0,16,194,0,67,194,0,67,194,0,67,194,0,67,194,0,67,194,0,67,194,0,67,194,0,67
247,10,0,247,9,0,247,7,0,250,6,0,247,5,0,226,3,0,201,2,0,182,1,0,162,0,0,144,0,0,127,0,0,111,0,0,96,0,0,83,0,0,71,0,0,72,0,1,79,0,3,89,0,5,98,0,7,109,0,10,119,0,14,132,0,18,142,0,22,156,0,27,168,0,31,184,0,37,197,0,42,214,0,50,228,0,55,247,0,64,247,6,0,247,6,0,247,6,0,247,6,0,247,6,0,247,6,0,247,6,0,247,6,0,114,0,0,114,0,0,114,0,0,114,0,0,114,0,0,114,0,0,114,0,0,114,0,0,102,0,8,102,0,8,100,0,8,100,0,8,100,0,8,100,0,8,100,0,8,100,0,8,194,0,42,194,0,42,194,0,42,194,0,42,194,0,42,194,0,42,194,0,42,194,0,42
247,46,0,247,43,0,247,40,0,250,37,0,247,32,0,226,26,0,201,19,0,182,14,0,162,10,0,144,7,0,127,4,0,111,2,0,96,1,0,83,0,0,71,0,0,72,0,0,79,0,0,89,0,0,98,0,0,109,0,1,119,0,1,132,0,2,142,0,4,156,0,5,168,0,6,184,0,8,197,0,10,214,0,13,228,0,14,247,0,18,247,35,0,247,35,0,247,35,0,247,35,0,247,35,0,247,35,0,247,35,0,247,35,0,114,2,0,114,2,0,114,2,0,114,2,0,114,2,0,114,2,0,114,3,0,114,3,0,102,0,0,102,0,0,100,0,0,100,0,0,100,0,0,100,0,0,100,0,0,100,0,0,194,0,10,194,0,10,194,0,10,194,0,10,194,0,10,194,0,10,194,0,10,194,0,10
247,77,0,247,73,0,247,68,0,250,65,0,247,59,0,226,48,0,201,37,0,182,29,0,162,22,0,144,16,0,127,11,0,111,7,0,96,4,0,83,2,0,71,1,0,72,0,0,79,0,0,89,0,0,98,0,0,109,0,0,119,0,0,132,0,0,142,0,0,156,0,1,168,0,1,184,0,2,197,0,3,214,0,4,228,0,5,247,0,6,247,63,0,247,63,0,247,63,0,247,63,0,247,63,0,247,63,0,247,63,0,247,63,0,114,8,0,114,8,0,114,8,0,114,8,0,114,8,0,114,8,0,114,8,0,114,8,0,102,0,0,102,0,0,100,0,0,100,0,0,100,0,0,100,0,0,100,0,0,100,0,0,194,0,3,194,0,3,194,0,3,194,0,3,194,0,3,194,0,3,194,0,3,194,0,3
247,119,0,247,114,0,247,108,0,250,102,0,247,93,0,226,78,0,201,63,0,182,51,0,162,40,0,144,30,0,127,22,0,111,15,0,96,10,0,83,6,0,71,3,0,72,2,0,79,1,0,89,0,0,98,0,0,109,0,0,119,0,0,132,0,0,142,0,0,156,0,0,168,0,0,184,0,0,197,0,0,214,0,0,228,0,0,247,0,1,247,99,0,247,99,0,247,99,0,247,99,0,247,99,0,247,99,0,247,99,0,247,99,0,114,17,0,114,17,0,114,17,0,114,17,0,114,17,0,114,17,0,114,17,0,114,17,0,102,0,0,102,0,0,100,0,0,100,0,0,100,0,0,100,0,0,100,0,0,100,0,0,194,0,0,194,0,0,194,0,0,194,0,0,194,0,0,194,0,0,194,0,0,194,0,0
247,170,0,247,164,0,247,156,0,250,151,0,247,140,0,226,119,0,201,96,0,182,79,0,162,64,0,144,50,0,127,37,0,111,27,0,96,19,0,83,13,0,71,8,0,72,5,0,79,4,0,89,3,0,98,2,0,109,1,0,119,1,0,132,0,0,142,0,0,156,0,0,168,0,0,184,0,0,197,0,0,214,0,0,228,0,0,247,0,0,247,145,0,247,145,0,247,145,0,247,145,0,247,145,0,247,145,0,247,145,0,247,145,0,114,30,0,114,30,0,114,30,0,114,30,0,114,30,0,114,30,0,114,30,0,114,30,0,102,2,0,102,2,0,100,2,0,100,2,0,100,2,0,100,2,0,100,2,0,100,2,0,194,0,0,194,0,0,194,0,0,194,0,0,194,0,0,194,0,0,194,0,0,194,0,0
